0 8
1 8
2 8
3 8
4 8
5 8
6 8
7 8
8 8
9 8
10 8
11 8
12 8
13 6
14 6
15 8
16 8
17 8
18 8
19 8
20 8
21 6
22 6
23 6
24 8
25 8
26 8
27 8
28 8
29 8
30 8
31 8
32 8
33 8
34 8
35 8
36 8
37 8
38 8
39 8
40 8
41 8
42 8
43 8
44 8
45 8
46 8
47 8
48 8
49 8
50 8
51 8
52 8
53 8
54 8
55 8
56 8
57 8
58 8
59 8
60 8
61 8
62 8
63 8
64 8
65 8
66 8
67 8
68 8
69 8
70 8
71 8
72 8
73 8
74 8
75 8
76 6
77 6
78 8
79 8
80 8
81 8
82 8
83 8
84 8
85 8
86 3
87 8
88 8
89 8
90 8
91 8
92 8
93 8
94 8
95 8
96 8
97 8
98 8
99 8
100 8
101 8
102 8
103 8
104 8
105 8
106 8
107 8
108 8
109 8
110 8
111 4
112 8
113 8
114 8
115 8
116 8
117 3
118 8
119 8
120 8
121 8
122 8
123 8
124 8
125 8
126 8
127 8
128 8
129 8
130 7
131 0
132 8
133 0
134 8
135 6
136 6
137 8
138 8
139 7
140 7
141 7
142 7
143 7
144 4
145 8
146 8
147 8
148 8
149 8
150 8
151 8
152 8
153 8
154 8
155 8
156 8
157 8
158 8
159 8
160 8
161 8
162 8
163 9
164 8
165 8
166 8
167 4
168 8
169 8
170 0
171 8
172 4
173 4
174 6
175 8
176 2
177 2
178 6
179 6
180 4
181 4
182 4
183 4
184 4
185 4
186 4
187 4
188 4
189 4
190 4
191 4
192 4
193 4
194 4
195 4
196 4
197 4
198 4
199 4
200 4
201 4
202 4
203 4
204 4
205 4
206 4
207 4
208 4
209 2
210 8
211 0
212 0
213 0
214 0
215 0
216 0
217 0
218 0
219 0
220 0
221 0
222 0
223 0
224 2
225 0
226 8
227 4
228 4
229 4
230 0
231 4
232 5
233 0
234 0
235 0
236 0
237 8
238 0
239 0
240 0
241 0
242 0
243 0
244 0
245 0
246 0
247 4
248 1
249 8
250 3
251 8
252 0
253 0
254 6
255 6
256 6
257 6
258 6
259 4
260 8
261 8
262 8
263 8
264 8
265 8
266 8
267 8
268 8
269 8
270 8
271 8
272 8
273 8
274 4
275 4
276 4
277 8
278 8
279 8
280 8
281 0
282 8
283 8
284 8
285 0
286 0
287 0
288 8
289 6
290 8
291 3
292 3
293 3
294 3
295 3
296 3
297 3
298 3
299 3
300 3
301 2
302 8
303 1
304 8
305 8
306 0
307 2
308 2
309 4
310 4
311 4
312 4
313 4
314 4
315 4
316 8
317 1
318 8
319 4
320 4
321 4
322 4
323 8
324 5
325 5
326 8
327 8
328 8
329 8
330 8
331 8
332 8
333 3
334 3
335 3
336 3
337 3
338 3
339 8
340 8
341 8
342 8
343 2
344 0
345 1
346 6
347 2
348 4
349 0
350 0
351 0
352 0
353 0
354 2
355 2
356 2
357 2
358 9
359 9
360 8
361 8
362 8
363 8
364 8
365 8
366 8
367 0
368 2
369 8
370 8
371 8
372 8
373 8
374 8
375 2
376 8
377 8
378 8
379 0
380 0
381 1
382 0
383 0
384 0
385 4
386 4
387 6
388 6
389 0
390 2
391 8
392 8
393 8
394 8
395 8
396 8
397 8
398 8
399 8
400 8
401 8
402 8
403 8
404 8
405 4
406 4
407 8
408 8
409 8
410 9
411 1
412 1
413 1
414 1
415 1
416 1
417 1
418 1
419 1
420 1
421 1
422 1
423 1
424 8
425 8
426 8
427 8
428 8
429 8
430 4
431 8
432 8
433 0
434 6
435 0
436 2
437 2
438 2
439 8
440 8
441 6
442 6
443 9
444 6
445 6
446 8
447 0
448 0
449 9
450 0
451 0
452 0
453 0
454 2
455 8
456 8
457 8
458 0
459 8
460 8
461 8
462 4
463 2
464 2
465 2
466 2
467 0
468 8
469 8
470 8
471 8
472 3
473 4
474 4
475 4
476 4
477 8
478 6
479 6
480 6
481 6
482 6
483 6
484 6
485 6
486 6
487 6
488 8
489 6
490 7
491 0
492 0
493 8
494 8
495 8
496 8
497 8
498 8
499 8
500 8
501 8
502 8
503 8
504 8
505 8
506 8
507 8
508 8
509 8
510 8
511 2
512 2
513 2
514 2
515 0
516 2
517 8
518 8
519 8
520 8
521 8
522 8
523 4
524 9
525 9
526 9
527 9
528 8
529 8
530 8
531 4
532 4
533 0
534 0
535 2
536 2
537 6
538 9
539 8
540 8
541 4
542 4
543 4
544 4
545 4
546 2
547 4
548 4
549 4
550 2
551 4
552 4
553 4
554 4
555 4
556 4
557 4
558 8
559 8
560 8
561 4
562 4
563 3
564 8
565 8
566 8
567 0
568 4
569 9
570 8
571 4
572 8
573 8
574 8
575 8
576 8
577 8
578 8
579 8
580 2
581 2
582 4
583 8
584 8
585 8
586 8
587 6
588 6
589 6
590 6
591 6
592 6
593 8
594 8
595 8
596 8
597 2
598 4
599 8
600 8
601 8
602 8
603 8
604 8
605 8
606 8
607 8
608 8
609 2
610 4
611 4
612 8
613 8
614 2
615 7
616 7
617 7
618 3
619 3
620 3
621 3
622 8
623 8
624 8
625 8
626 7
627 7
628 7
629 7
630 8
631 8
632 8
633 8
634 2
635 2
636 2
637 4
638 2
639 8
640 8
641 8
642 0
643 1
644 1
645 8
646 8
647 6
648 1
649 1
650 8
651 8
652 8
653 1
654 2
655 2
656 2
657 8
658 8
659 8
660 8
661 6
662 6
663 6
664 6
665 6
666 4
667 4
668 4
669 4
670 4
671 4
672 4
673 4
674 4
675 4
676 4
677 4
678 4
679 4
680 4
681 4
682 7
683 0
684 0
685 0
686 0
687 6
688 0
689 0
690 0
691 0
692 0
693 0
694 6
695 8
696 8
697 8
698 8
699 8
700 8
701 0
702 0
703 0
704 8
705 2
706 4
707 2
708 4
709 2
710 3
711 8
712 3
713 4
714 2
715 0
716 8
717 8
718 8
719 9
720 4
721 6
722 0
723 2
724 8
725 8
726 8
727 4
728 2
729 4
730 4
731 2
732 2
733 0
734 0
735 6
736 8
737 8
738 8
739 8
740 8
741 8
742 8
743 8
744 8
745 8
746 8
747 8
748 8
749 8
750 8
751 8
752 8
753 8
754 8
755 8
756 8
757 8
758 8
759 8
760 8
761 8
762 8
763 8
764 8
765 8
766 8
767 8
768 8
769 8
770 8
771 8
772 8
773 8
774 8
775 8
776 8
777 8
778 8
779 8
780 8
781 8
782 8
783 8
784 8
785 8
786 8
787 8
788 8
789 8
790 8
791 8
792 8
793 8
794 8
795 8
796 7
797 1
798 2
799 1
800 2
801 2
802 2
803 8
804 8
805 8
806 8
807 8
808 8
809 8
810 2
811 2
812 6
813 2
814 2
815 2
816 2
817 2
818 0
819 4
820 4
821 4
822 4
823 2
824 5
825 4
826 8
827 8
828 2
829 6
830 6
831 6
832 0
833 0
834 8
835 9
836 8
837 8
838 4
839 6
840 8
841 8
842 2
843 5
844 5
845 4
846 8
847 0
848 9
849 9
850 9
851 7
852 7
853 7
854 6
855 6
856 8
857 8
858 8
859 1
860 8
861 8
862 8
863 8
864 8
865 8
866 8
867 8
868 8
869 6
870 7
871 4
872 9
873 8
874 8
875 8
876 8
877 3
878 8
879 6
880 1
881 1
882 8
883 0
884 3
885 8
886 8
887 8
888 8
889 8
890 8
891 8
892 8
893 8
894 8
895 4
896 0
897 0
898 0
899 0
900 0
901 0
902 0
903 0
904 0
905 0
906 0
907 0
908 0
909 0
910 0
911 0
912 0
913 0
914 0
915 0
916 0
917 0
918 0
919 0
920 0
921 6
922 6
923 6
924 6
925 6
926 6
927 6
928 6
929 6
930 6
931 6
932 6
933 6
934 6
935 8
936 8
937 8
938 8
939 8
940 8
941 8
942 8
943 3
944 0
945 7
946 4
947 8
948 8
949 8
950 3
951 3
952 3
953 3
954 3
955 3
956 3
957 3
958 3
959 3
960 3
961 3
962 3
963 8
964 6
965 1
966 3
967 8
968 8
969 8
970 8
971 8
972 8
973 8
974 8
975 8
976 8
977 1
978 0
979 0
980 0
981 0
982 0
983 0
984 0
985 0
986 0
987 0
988 0
989 0
990 0
991 0
992 0
993 0
994 0
995 0
996 0
997 0
998 0
999 0
1000 0
1001 0
1002 0
1003 0
1004 0
1005 0
1006 0
1007 0
1008 0
1009 0
1010 0
1011 8
1012 2
1013 4
1014 0
1015 0
1016 0
1017 0
1018 0
1019 0
1020 0
1021 0
1022 0
1023 0
1024 0
1025 0
1026 5
1027 6
1028 1
1029 6
1030 4
1031 1
1032 6
1033 8
1034 8
1035 8
1036 8
1037 8
1038 8
1039 8
1040 8
1041 2
1042 2
1043 2
1044 0
1045 8
1046 8
1047 8
1048 8
1049 6
1050 8
1051 8
1052 8
1053 8
1054 6
1055 1
1056 1
1057 1
1058 8
1059 8
1060 8
1061 8
1062 4
1063 4
1064 4
1065 4
1066 4
1067 4
1068 4
1069 4
1070 8
1071 3
1072 3
1073 3
1074 3
1075 3
1076 3
1077 3
1078 3
1079 3
1080 3
1081 3
1082 3
1083 3
1084 3
1085 3
1086 3
1087 3
1088 3
1089 3
1090 3
1091 3
1092 3
1093 3
1094 3
1095 5
1096 5
1097 5
1098 5
1099 5
1100 5
1101 5
1102 6
1103 4
1104 0
1105 4
1106 8
1107 8
1108 8
1109 3
1110 3
1111 3
1112 3
1113 3
1114 3
1115 3
1116 3
1117 3
1118 3
1119 3
1120 3
1121 3
1122 3
1123 3
1124 3
1125 3
1126 3
1127 3
1128 3
1129 3
1130 3
1131 3
1132 3
1133 3
1134 3
1135 3
1136 3
1137 3
1138 3
1139 3
1140 3
1141 3
1142 3
1143 3
1144 4
1145 8
1146 4
1147 6
1148 6
1149 6
1150 6
1151 6
1152 6
1153 6
1154 6
1155 3
1156 3
1157 3
1158 3
1159 8
1160 8
1161 0
1162 4
1163 8
1164 8
1165 8
1166 9
1167 6
1168 8
1169 8
1170 2
1171 9
1172 1
1173 1
1174 7
1175 7
1176 7
1177 0
1178 0
1179 0
1180 0
1181 4
1182 2
1183 2
1184 4
1185 2
1186 2
1187 2
1188 2
1189 2
1190 2
1191 2
1192 2
1193 2
1194 2
1195 2
1196 2
1197 2
1198 2
1199 2
1200 2
1201 2
1202 2
1203 2
1204 2
1205 2
1206 2
1207 8
1208 8
1209 8
1210 6
1211 6
1212 0
1213 6
1214 6
1215 6
1216 6
1217 6
1218 6
1219 6
1220 6
1221 6
1222 6
1223 7
1224 6
1225 6
1226 6
1227 6
1228 6
1229 6
1230 6
1231 6
1232 6
1233 6
1234 6
1235 2
1236 5
1237 5
1238 8
1239 1
1240 3
1241 3
1242 3
1243 3
1244 3
1245 2
1246 8
1247 8
1248 4
1249 4
1250 3
1251 3
1252 6
1253 0
1254 0
1255 1
1256 2
1257 2
1258 0
1259 0
1260 2
1261 4
1262 0
1263 0
1264 6
1265 6
1266 6
1267 6
1268 9
1269 9
1270 9
1271 9
1272 0
1273 6
1274 6
1275 6
1276 0
1277 0
1278 0
1279 0
1280 0
1281 0
1282 0
1283 0
1284 0
1285 0
1286 0
1287 0
1288 0
1289 2
1290 8
1291 8
1292 4
1293 1
1294 8
1295 2
1296 8
1297 8
1298 8
1299 0
1300 0
1301 0
1302 0
1303 1
1304 7
1305 7
1306 7
1307 6
1308 8
1309 6
1310 6
1311 6
1312 6
1313 6
1314 6
1315 6
1316 6
1317 2
1318 2
1319 2
1320 8
1321 7
1322 8
1323 8
1324 8
1325 8
1326 8
1327 2
1328 2
1329 9
1330 1
1331 1
1332 2
1333 2
1334 2
1335 2
1336 2
1337 0
1338 7
1339 9
1340 1
1341 4
1342 8
1343 8
1344 8
1345 8
1346 8
1347 8
1348 1
1349 1
1350 9
1351 6
1352 0
1353 1
1354 0
1355 0
1356 8
1357 1
1358 8
1359 9
1360 9
1361 2
1362 1
1363 9
1364 1
1365 2
1366 2
1367 8
1368 8
1369 0
1370 4
1371 8
1372 8
1373 8
1374 4
1375 6
1376 1
1377 8
1378 8
1379 8
1380 8
1381 8
1382 8
1383 8
1384 8
1385 6
1386 4
1387 4
1388 4
1389 4
1390 4
1391 4
1392 4
1393 0
1394 0
1395 8
1396 0
1397 0
1398 0
1399 0
1400 0
1401 0
1402 8
1403 8
1404 8
1405 2
1406 2
1407 8
1408 2
1409 0
1410 2
1411 0
1412 6
1413 7
1414 2
1415 2
1416 6
1417 7
1418 2
1419 2
1420 5
1421 6
1422 8
1423 1
1424 7
1425 7
1426 7
1427 7
1428 6
1429 4
1430 4
1431 4
1432 8
1433 8
1434 8
1435 8
1436 1
1437 1
1438 6
1439 8
1440 1
1441 4
1442 2
1443 2
1444 2
1445 6
1446 6
1447 7
1448 7
1449 7
1450 7
1451 9
1452 7
1453 9
1454 9
1455 9
1456 9
1457 9
1458 1
1459 1
1460 1
1461 7
1462 7
1463 7
1464 7
1465 7
1466 7
1467 7
1468 7
1469 7
1470 7
1471 7
1472 7
1473 7
1474 1
1475 1
1476 1
1477 1
1478 7
1479 7
1480 7
1481 0
1482 6
1483 6
1484 4
1485 2
1486 6
1487 4
1488 0
1489 7
1490 2
1491 8
1492 0
1493 0
1494 0
1495 0
1496 0
1497 0
1498 0
1499 0
1500 0
1501 0
1502 0
1503 0
1504 6
1505 6
1506 6
1507 6
1508 6
1509 6
1510 6
1511 6
1512 0
1513 8
1514 1
1515 1
1516 1
1517 1
1518 1
1519 1
1520 1
1521 1
1522 1
1523 1
1524 1
1525 1
1526 1
1527 1
1528 1
1529 1
1530 2
1531 0
1532 3
1533 8
1534 8
1535 8
1536 2
1537 3
1538 3
1539 3
1540 3
1541 3
1542 3
1543 3
1544 3
1545 3
1546 3
1547 3
1548 2
1549 0
1550 2
1551 2
1552 8
1553 8
1554 8
1555 3
1556 3
1557 3
1558 6
1559 3
1560 3
1561 3
1562 3
1563 3
1564 3
1565 3
1566 3
1567 4
1568 4
1569 4
1570 2
1571 2
1572 2
1573 0
1574 1
1575 1
1576 1
1577 4
1578 4
1579 4
1580 4
1581 4
1582 4
1583 4
1584 4
1585 4
1586 2
1587 4
1588 0
1589 0
1590 0
1591 0
1592 0
1593 0
1594 3
1595 3
1596 3
1597 3
1598 3
1599 3
1600 3
1601 3
1602 6
1603 6
1604 6
1605 6
1606 3
1607 3
1608 3
1609 3
1610 3
1611 3
1612 3
1613 3
1614 3
1615 3
1616 3
1617 3
1618 3
1619 3
1620 3
1621 3
1622 4
1623 4
1624 6
1625 2
1626 8
1627 4
1628 4
1629 4
1630 4
1631 4
1632 4
1633 4
1634 4
1635 4
1636 4
1637 4
1638 4
1639 4
1640 6
1641 6
1642 6
1643 6
1644 6
1645 6
1646 6
1647 6
1648 6
1649 6
1650 6
1651 6
1652 4
1653 4
1654 4
1655 4
1656 4
1657 2
1658 2
1659 2
1660 2
1661 2
1662 2
1663 2
1664 3
1665 3
1666 3
1667 3
1668 3
1669 3
1670 3
1671 3
1672 3
1673 3
1674 3
1675 3
1676 3
1677 3
1678 3
1679 3
1680 3
1681 3
1682 3
1683 3
1684 4
1685 4
1686 3
1687 0
1688 3
1689 3
1690 3
1691 3
1692 3
1693 3
1694 3
1695 8
1696 8
1697 8
1698 8
1699 8
1700 8
1701 4
1702 4
1703 4
1704 4
1705 4
1706 4
1707 2
1708 4
1709 3
1710 8
1711 8
1712 1
1713 8
1714 4
1715 4
1716 4
1717 4
1718 4
1719 4
1720 4
1721 4
1722 4
1723 4
1724 3
1725 3
1726 3
1727 3
1728 3
1729 3
1730 3
1731 3
1732 3
1733 0
1734 8
1735 8
1736 8
1737 4
1738 4
1739 8
1740 8
1741 0
1742 0
1743 0
1744 8
1745 8
1746 8
1747 8
1748 6
1749 2
1750 0
1751 2
1752 2
1753 8
1754 3
1755 4
1756 4
1757 4
1758 4
1759 4
1760 0
1761 0
1762 0
1763 6
1764 6
1765 8
1766 8
1767 8
1768 8
1769 3
1770 3
1771 3
1772 3
1773 3
1774 3
1775 3
1776 3
1777 3
1778 3
1779 3
1780 3
1781 3
1782 3
1783 3
1784 3
1785 3
1786 3
1787 3
1788 3
1789 3
1790 5
1791 3
1792 5
1793 5
1794 3
1795 3
1796 3
1797 3
1798 3
1799 3
1800 3
1801 3
1802 9
1803 9
1804 4
1805 4
1806 8
1807 6
1808 2
1809 2
1810 2
1811 2
1812 2
1813 7
1814 7
1815 1
1816 1
1817 1
1818 1
1819 4
1820 2
1821 2
1822 2
1823 6
1824 6
1825 6
1826 6
1827 6
1828 6
1829 6
1830 8
1831 3
1832 3
1833 3
1834 3
1835 3
1836 3
1837 3
1838 3
1839 3
1840 3
1841 3
1842 3
1843 3
1844 3
1845 3
1846 2
1847 4
1848 4
1849 4
1850 4
1851 4
1852 4
1853 4
1854 4
1855 4
1856 4
1857 2
1858 3
1859 3
1860 1
1861 8
1862 0
1863 1
1864 0
1865 1
1866 1
1867 1
1868 1
1869 8
1870 3
1871 3
1872 3
1873 3
1874 3
1875 3
1876 6
1877 6
1878 6
1879 6
1880 6
1881 6
1882 6
1883 6
1884 6
1885 6
1886 6
1887 6
1888 6
1889 6
1890 6
1891 6
1892 6
1893 6
1894 2
1895 6
1896 9
1897 6
1898 6
1899 6
1900 6
1901 6
1902 8
1903 1
1904 1
1905 1
1906 1
1907 1
1908 1
1909 9
1910 1
1911 1
1912 1
1913 1
1914 1
1915 1
1916 1
1917 1
1918 9
1919 9
1920 2
1921 6
1922 0
1923 8
1924 2
1925 3
1926 3
1927 3
1928 0
1929 2
1930 8
1931 8
1932 8
1933 8
1934 8
1935 8
1936 3
1937 3
1938 3
1939 3
1940 3
1941 3
1942 3
1943 0
1944 0
1945 2
1946 0
1947 0
1948 0
1949 6
1950 6
1951 6
1952 6
1953 6
1954 6
1955 6
1956 6
1957 1
1958 2
1959 2
1960 2
1961 2
1962 2
1963 2
1964 4
1965 2
1966 8
1967 1
1968 4
1969 2
1970 2
1971 2
1972 2
1973 6
1974 7
1975 2
1976 0
1977 2
1978 2
1979 2
1980 2
1981 2
1982 3
1983 3
1984 3
1985 3
1986 3
1987 3
1988 3
1989 3
1990 3
1991 3
1992 3
1993 3
1994 3
1995 3
1996 3
1997 3
1998 3
1999 2
2000 8
2001 6
2002 6
2003 6
2004 6
2005 6
2006 6
2007 6
2008 6
2009 6
2010 6
2011 6
2012 6
2013 2
2014 3
2015 3
2016 3
2017 3
2018 3
2019 3
2020 3
2021 3
2022 3
2023 3
2024 3
2025 3
2026 3
2027 3
2028 3
2029 3
2030 3
2031 3
2032 0
2033 0
2034 0
2035 0
2036 2
2037 2
2038 2
2039 2
2040 4
2041 4
2042 4
2043 4
2044 8
2045 0
2046 0
2047 0
2048 0
2049 0
2050 0
2051 0
2052 0
2053 0
2054 0
2055 0
2056 8
2057 8
2058 0
2059 4
2060 4
2061 2
2062 6
2063 5
2064 5
2065 5
2066 5
2067 0
2068 7
2069 7
2070 7
2071 4
2072 7
2073 7
2074 2
2075 4
2076 3
2077 3
2078 3
2079 3
2080 3
2081 3
2082 3
2083 3
2084 6
2085 6
2086 0
2087 0
2088 4
2089 4
2090 4
2091 4
2092 4
2093 4
2094 4
2095 4
2096 4
2097 4
2098 4
2099 4
2100 4
2101 8
2102 8
2103 8
2104 3
2105 3
2106 3
2107 3
2108 3
2109 3
2110 3
2111 3
2112 8
2113 8
2114 1
2115 1
2116 3
2117 3
2118 3
2119 3
2120 3
2121 3
2122 3
2123 3
2124 3
2125 3
2126 3
2127 2
2128 4
2129 4
2130 4
2131 4
2132 2
2133 4
2134 0
2135 6
2136 8
2137 8
2138 8
2139 8
2140 8
2141 2
2142 2
2143 2
2144 9
2145 8
2146 4
2147 8
2148 0
2149 3
2150 3
2151 3
2152 3
2153 3
2154 3
2155 3
2156 3
2157 3
2158 3
2159 3
2160 3
2161 3
2162 3
2163 3
2164 3
2165 3
2166 3
2167 3
2168 3
2169 3
2170 3
2171 5
2172 5
2173 5
2174 5
2175 5
2176 5
2177 5
2178 5
2179 5
2180 5
2181 5
2182 5
2183 5
2184 5
2185 5
2186 5
2187 5
2188 5
2189 5
2190 5
2191 5
2192 5
2193 5
2194 5
2195 5
2196 5
2197 5
2198 5
2199 5
2200 5
2201 5
2202 5
2203 5
2204 5
2205 5
2206 5
2207 5
2208 5
2209 5
2210 5
2211 5
2212 5
2213 3
2214 3
2215 3
2216 3
2217 3
2218 0
2219 0
2220 0
2221 0
2222 0
2223 0
2224 0
2225 0
2226 0
2227 0
2228 0
2229 0
2230 5
2231 5
2232 5
2233 5
2234 5
2235 5
2236 5
2237 7
2238 7
2239 7
2240 1
2241 1
2242 1
2243 1
2244 1
2245 1
2246 7
2247 7
2248 7
2249 7
2250 7
2251 7
2252 7
2253 2
2254 0
2255 0
2256 0
2257 0
2258 0
2259 0
2260 0
2261 0
2262 0
2263 0
2264 0
2265 8
2266 0
2267 9
2268 9
2269 9
2270 9
2271 9
2272 9
2273 9
2274 2
2275 3
2276 2
2277 2
2278 2
2279 2
2280 6
2281 6
2282 6
2283 6
2284 3
2285 3
2286 3
2287 3
2288 3
2289 3
2290 3
2291 3
2292 3
2293 3
2294 3
2295 3
2296 5
2297 5
2298 5
2299 5
2300 5
2301 5
2302 5
2303 5
2304 5
2305 1
2306 6
2307 6
2308 6
2309 6
2310 6
2311 6
2312 6
2313 0
2314 2
2315 2
2316 9
2317 0
2318 9
2319 3
2320 3
2321 3
2322 3
2323 3
2324 3
2325 3
2326 3
2327 3
2328 3
2329 3
2330 3
2331 3
2332 3
2333 3
2334 3
2335 3
2336 3
2337 3
2338 1
2339 7
2340 7
2341 7
2342 5
2343 5
2344 5
2345 5
2346 5
2347 5
2348 5
2349 5
2350 5
2351 5
2352 4
2353 4
2354 4
2355 4
2356 4
2357 4
2358 4
2359 4
2360 0
2361 2
2362 1
2363 3
2364 0
2365 8
2366 1
2367 1
2368 5
2369 5
2370 5
2371 5
2372 5
2373 5
2374 5
2375 5
2376 5
2377 5
2378 5
2379 5
2380 5
2381 5
2382 1
2383 1
2384 1
2385 1
2386 1
2387 1
2388 1
2389 1
2390 1
2391 1
2392 1
2393 7
2394 1
2395 7
2396 2
2397 5
2398 0
2399 6
2400 9
2401 9
2402 9
2403 9
2404 9
2405 9
2406 9
2407 9
2408 9
2409 9
2410 9
2411 1
2412 9
2413 6
2414 4
2415 2
2416 6
2417 6
2418 6
2419 6
2420 6
2421 6
2422 6
2423 6
2424 6
2425 6
2426 6
2427 6
2428 6
2429 6
2430 6
2431 3
2432 3
2433 4
2434 4
2435 4
2436 4
2437 0
2438 8
2439 0
2440 3
2441 6
2442 1
2443 8
2444 8
2445 8
2446 8
2447 4
2448 4
2449 2
2450 3
2451 3
2452 3
2453 3
2454 3
2455 3
2456 3
2457 3
2458 3
2459 3
2460 3
2461 3
2462 3
2463 3
2464 3
2465 3
2466 3
2467 3
2468 3
2469 3
2470 3
2471 3
2472 3
2473 3
2474 3
2475 3
2476 3
2477 3
2478 3
2479 3
2480 3
2481 0
2482 9
2483 9
2484 7
2485 7
2486 7
2487 7
2488 7
2489 0
2490 4
2491 4
2492 0
2493 3
2494 3
2495 3
2496 3
2497 0
2498 5
2499 3
2500 8
2501 3
2502 3
2503 1
2504 2
2505 8
2506 3
2507 3
2508 3
2509 3
2510 3
2511 3
2512 3
2513 3
2514 3
2515 3
2516 2
2517 7
2518 9
2519 4
2520 1
2521 6
2522 9
2523 6
2524 3
2525 3
2526 3
2527 3
2528 3
2529 3
2530 3
2531 3
2532 3
2533 3
2534 6
2535 3
2536 6
2537 6
2538 8
2539 8
2540 8
2541 8
2542 8
2543 8
2544 8
2545 8
2546 8
2547 8
2548 8
2549 8
2550 8
2551 8
2552 6
2553 1
2554 2
2555 2
2556 6
2557 8
2558 6
2559 8
2560 4
2561 2
2562 2
2563 2
2564 8
2565 1
2566 1
2567 1
2568 2
2569 6
2570 6
2571 6
2572 6
2573 6
2574 6
2575 6
2576 6
2577 6
2578 6
2579 6
2580 6
2581 0
2582 0
2583 0
2584 0
2585 0
2586 0
2587 0
2588 0
2589 0
2590 0
2591 0
2592 0
2593 6
2594 6
2595 6
2596 6
2597 6
2598 6
2599 8
2600 3
2601 3
2602 3
2603 3
2604 3
2605 6
2606 2
2607 2
2608 1
2609 1
2610 2
2611 2
2612 9
2613 2
2614 3
2615 3
2616 3
2617 3
2618 3
2619 3
2620 3
2621 4
2622 4
2623 4
2624 6
2625 6
2626 6
2627 6
2628 6
2629 6
2630 6
2631 6
2632 9
2633 9
2634 2
2635 9
2636 8
2637 1
2638 1
2639 4
2640 4
2641 6
2642 6
2643 6
2644 6
2645 6
2646 9
2647 1
2648 0
2649 6
2650 6
2651 2
2652 2
2653 2
2654 2
2655 2
2656 2
2657 2
2658 9
2659 5
2660 6
2661 6
2662 3
2663 3
2664 3
2665 3
2666 3
2667 3
2668 3
2669 3
2670 3
2671 3
2672 3
2673 3
2674 3
2675 3
2676 3
2677 3
2678 3
2679 3
2680 3
2681 3
2682 3
2683 3
2684 3
2685 3
2686 3
2687 3
2688 3
2689 3
2690 6
2691 6
2692 6
2693 6
2694 4
2695 4
2696 4
2697 2
2698 8
2699 8
2700 8
2701 8
2702 8
2703 8
2704 8
2705 4
2706 4
2707 4
2708 2
2709 4
2710 2
2711 8
2712 2
2713 2
2714 2
2715 2
2716 2
2717 2
2718 4
2719 3
2720 3
2721 3
2722 3
2723 3
2724 3
2725 4
2726 8
2727 8
2728 8
2729 8
2730 8
2731 8
2732 8
2733 2
2734 6
2735 1
2736 4
2737 1
2738 1
2739 1
2740 8
2741 8
2742 8
2743 8
2744 8
2745 8
2746 8
2747 8
2748 8
2749 0
2750 4
2751 4
2752 4
2753 2
2754 8
2755 2
2756 7
2757 7
2758 1
2759 0
2760 2
2761 1
2762 1
2763 1
2764 0
2765 0
2766 0
2767 0
2768 0
2769 0
2770 0
2771 0
2772 0
2773 0
2774 0
2775 0
2776 6
2777 2
2778 2
2779 5
2780 5
2781 5
2782 5
2783 5
2784 5
2785 5
2786 5
2787 5
2788 5
2789 5
2790 5
2791 5
2792 5
2793 5
2794 2
2795 2
2796 2
2797 3
2798 3
2799 3
2800 1
2801 1
2802 7
2803 7
2804 7
2805 8
2806 8
2807 6
2808 6
2809 6
2810 6
2811 6
2812 6
2813 6
2814 7
2815 8
2816 5
2817 5
2818 5
2819 5
2820 5
2821 5
2822 2
2823 2
2824 3
2825 3
2826 3
2827 3
2828 3
2829 3
2830 1
2831 1
2832 1
2833 3
2834 4
2835 8
2836 8
2837 6
2838 8
2839 4
2840 4
2841 4
2842 4
2843 4
2844 4
2845 4
2846 4
2847 4
2848 4
2849 4
2850 4
2851 2
2852 2
2853 4
2854 4
2855 4
2856 4
2857 1
2858 0
2859 8
2860 8
2861 8
2862 0
2863 0
2864 0
2865 2
2866 7
2867 6
2868 1
2869 8
2870 8
2871 1
2872 1
2873 7
2874 1
2875 7
2876 1
2877 1
2878 1
2879 1
2880 6
2881 6
2882 6
2883 6
2884 1
2885 1
2886 1
2887 1
2888 3
2889 3
2890 3
2891 3
2892 3
2893 3
2894 3
2895 3
2896 3
2897 3
2898 3
2899 3
2900 3
2901 3
2902 3
2903 3
2904 3
2905 3
2906 3
2907 3
2908 3
2909 3
2910 3
2911 3
2912 3
2913 3
2914 3
2915 3
2916 3
2917 3
2918 8
2919 3
2920 3
2921 3
2922 3
2923 3
2924 3
2925 3
2926 3
2927 3
2928 3
2929 3
2930 3
2931 3
2932 3
2933 3
2934 3
2935 3
2936 3
2937 3
2938 3
2939 3
2940 3
2941 3
2942 3
2943 3
2944 3
2945 3
2946 8
2947 2
2948 0
2949 4
2950 4
2951 4
2952 2
2953 2
2954 2
2955 2
2956 2
2957 6
2958 6
2959 6
2960 6
2961 6
2962 1
2963 1
2964 3
2965 3
2966 3
2967 6
2968 6
2969 6
2970 6
2971 6
2972 4
2973 2
2974 4
2975 4
2976 4
2977 4
2978 1
2979 2
2980 2
2981 2
2982 6
2983 1
2984 1
2985 1
2986 1
2987 1
2988 1
2989 1
2990 1
2991 1
2992 1
2993 1
2994 1
2995 1
2996 1
2997 1
2998 1
2999 1
3000 1
3001 1
3002 1
3003 1
3004 1
3005 1
3006 0
3007 0
3008 2
3009 2
3010 2
3011 2
3012 2
3013 2
3014 2
3015 2
3016 2
3017 2
3018 2
3019 2
3020 2
3021 8
3022 2
3023 2
3024 2
3025 2
3026 0
3027 0
3028 6
3029 8
3030 6
3031 6
3032 6
3033 6
3034 6
3035 6
3036 8
3037 8
3038 5
3039 5
3040 5
3041 5
3042 5
3043 5
3044 5
3045 5
3046 5
3047 5
3048 5
3049 5
3050 5
3051 5
3052 3
3053 7
3054 7
3055 7
3056 4
3057 8
3058 2
3059 6
3060 4
3061 4
3062 4
3063 4
3064 3
3065 3
3066 3
3067 4
3068 7
3069 8
3070 2
3071 2
3072 2
3073 4
3074 4
3075 4
3076 4
3077 4
3078 0
3079 8
3080 4
3081 7
3082 3
3083 3
3084 3
3085 7
3086 0
3087 7
3088 8
3089 0
3090 0
3091 3
3092 3
3093 3
3094 3
3095 3
3096 3
3097 3
3098 3
3099 3
3100 3
3101 3
3102 2
3103 2
3104 1
3105 1
3106 1
3107 1
3108 9
3109 4
3110 8
3111 2
3112 2
3113 0
3114 4
3115 4
3116 4
3117 5
3118 2
3119 3
3120 3
3121 3
3122 4
3123 9
3124 9
3125 2
3126 4
3127 2
3128 2
3129 2
3130 2
3131 2
3132 2
3133 2
3134 2
3135 0
3136 0
3137 6
3138 7
3139 2
3140 2
3141 3
3142 3
3143 3
3144 3
3145 3
3146 3
3147 3
3148 3
3149 8
3150 0
3151 0
3152 0
3153 0
3154 4
3155 4
3156 4
3157 0
3158 0
3159 0
3160 0
3161 0
3162 0
3163 0
3164 0
3165 0
3166 0
3167 0
3168 5
3169 5
3170 5
3171 5
3172 5
3173 8
3174 6
3175 6
3176 6
3177 1
3178 1
3179 1
3180 1
3181 1
3182 1
3183 1
3184 1
3185 1
3186 9
3187 9
3188 7
3189 1
3190 7
3191 7
3192 7
3193 7
3194 1
3195 1
3196 1
3197 7
3198 1
3199 9
3200 9
3201 7
3202 8
3203 8
3204 8
3205 8
3206 4
3207 4
3208 4
3209 4
3210 4
3211 4
3212 4
3213 4
3214 4
3215 4
3216 4
3217 4
3218 4
3219 8
3220 8
3221 4
3222 4
3223 2
3224 2
3225 0
3226 6
3227 6
3228 6
3229 6
3230 6
3231 6
3232 1
3233 1
3234 1
3235 1
3236 1
3237 6
3238 4
3239 4
3240 4
3241 4
3242 4
3243 4
3244 4
3245 4
3246 2
3247 2
3248 2
3249 2
3250 2
3251 0
3252 0
3253 0
3254 0
3255 2
3256 0
3257 4
3258 5
3259 4
3260 4
3261 4
3262 2
3263 2
3264 4
3265 6
3266 1
3267 2
3268 0
3269 1
3270 1
3271 9
3272 7
3273 7
3274 4
3275 4
3276 2
3277 6
3278 6
3279 6
3280 6
3281 6
3282 6
3283 6
3284 6
3285 6
3286 8
3287 8
3288 8
3289 8
3290 2
3291 4
3292 4
3293 4
3294 4
3295 4
3296 4
3297 4
3298 4
3299 4
3300 4
3301 4
3302 4
3303 4
3304 4
3305 4
3306 4
3307 4
3308 4
3309 4
3310 4
3311 4
3312 4
3313 4
3314 4
3315 4
3316 4
3317 4
3318 4
3319 4
3320 1
3321 1
3322 5
3323 5
3324 4
3325 4
3326 4
3327 4
3328 2
3329 2
3330 1
3331 1
3332 1
3333 1
3334 1
3335 1
3336 1
3337 1
3338 1
3339 1
3340 1
3341 1
3342 5
3343 5
3344 5
3345 5
3346 5
3347 3
3348 3
3349 3
3350 3
3351 3
3352 3
3353 3
3354 3
3355 3
3356 3
3357 2
3358 9
3359 9
3360 9
3361 9
3362 4
3363 4
3364 4
3365 4
3366 4
3367 4
3368 4
3369 4
3370 4
3371 4
3372 5
3373 5
3374 5
3375 5
3376 5
3377 5
3378 5
3379 5
3380 5
3381 5
3382 2
3383 2
3384 2
3385 4
3386 5
3387 5
3388 5
3389 5
3390 5
3391 5
3392 5
3393 5
3394 6
3395 6
3396 6
3397 3
3398 3
3399 3
3400 3
3401 3
3402 3
3403 3
3404 3
3405 3
3406 3
3407 3
3408 3
3409 6
3410 6
3411 6
3412 6
3413 6
3414 8
3415 8
3416 8
3417 4
3418 4
3419 4
3420 4
3421 4
3422 1
3423 7
3424 5
3425 0
3426 0
3427 0
3428 0
3429 0
3430 0
3431 0
3432 0
3433 0
3434 0
3435 0
3436 8
3437 7
3438 4
3439 4
3440 4
3441 4
3442 4
3443 2
3444 2
3445 2
3446 0
3447 0
3448 3
3449 3
3450 3
3451 3
3452 3
3453 3
3454 3
3455 3
3456 3
3457 3
3458 3
3459 3
3460 3
3461 3
3462 3
3463 3
3464 3
3465 3
3466 3
3467 0
3468 0
3469 0
3470 7
3471 6
3472 6
3473 6
3474 6
3475 7
3476 5
3477 5
3478 5
3479 5
3480 5
3481 5
3482 5
3483 5
3484 5
3485 5
3486 5
3487 5
3488 5
3489 5
3490 0
3491 4
3492 4
3493 4
3494 4
3495 7
3496 7
3497 7
3498 7
3499 7
3500 7
3501 7
3502 7
3503 7
3504 7
3505 3
3506 2
3507 6
3508 5
3509 5
3510 5
3511 5
3512 5
3513 5
3514 1
3515 2
3516 0
3517 6
3518 8
3519 2
3520 2
3521 2
3522 2
3523 2
3524 2
3525 2
3526 2
3527 2
3528 2
3529 2
3530 2
3531 2
3532 2
3533 2
3534 2
3535 2
3536 2
3537 2
3538 2
3539 2
3540 2
3541 2
3542 2
3543 2
3544 2
3545 2
3546 2
3547 2
3548 2
3549 1
3550 5
3551 2
3552 4
3553 7
3554 7
3555 7
3556 7
3557 7
3558 7
3559 7
3560 7
3561 6
3562 4
3563 4
3564 4
3565 4
3566 4
3567 4
3568 4
3569 2
3570 9
3571 9
3572 7
3573 9
3574 9
3575 9
3576 8
3577 1
3578 2
3579 2
3580 1
3581 1
3582 1
3583 1
3584 1
3585 1
3586 1
3587 7
3588 7
3589 7
3590 7
3591 7
3592 7
3593 7
3594 7
3595 7
3596 7
3597 7
3598 7
3599 7
3600 7
3601 7
3602 6
3603 6
3604 6
3605 6
3606 2
3607 2
3608 8
3609 0
3610 0
3611 4
3612 6
3613 6
3614 9
3615 9
3616 0
3617 4
3618 3
3619 1
3620 0
3621 4
3622 9
3623 9
3624 9
3625 9
3626 9
3627 4
3628 4
3629 4
3630 0
3631 8
3632 6
3633 0
3634 1
3635 1
3636 1
3637 1
3638 1
3639 1
3640 1
3641 1
3642 1
3643 0
3644 2
3645 1
3646 1
3647 4
3648 0
3649 0
3650 0
3651 0
3652 6
3653 6
3654 4
3655 2
3656 4
3657 4
3658 4
3659 4
3660 4
3661 2
3662 2
3663 2
3664 2
3665 2
3666 2
3667 9
3668 9
3669 4
3670 4
3671 5
3672 0
3673 2
3674 4
3675 0
3676 2
3677 5
3678 5
3679 5
3680 5
3681 5
3682 5
3683 5
3684 5
3685 5
3686 5
3687 5
3688 5
3689 5
3690 5
3691 5
3692 5
3693 5
3694 5
3695 5
3696 0
3697 5
3698 0
3699 2
3700 2
3701 1
3702 3
3703 3
3704 0
3705 0
3706 1
3707 0
3708 0
3709 0
3710 0
3711 0
3712 0
3713 0
3714 0
3715 1
3716 8
3717 8
3718 8
3719 4
3720 4
3721 4
3722 4
3723 4
3724 4
3725 4
3726 7
3727 7
3728 7
3729 4
3730 4
3731 4
3732 4
3733 7
3734 7
3735 0
3736 4
3737 0
3738 0
3739 0
3740 0
3741 4
3742 4
3743 4
3744 4
3745 4
3746 4
3747 4
3748 2
3749 2
3750 2
3751 2
3752 2
3753 2
3754 7
3755 0
3756 6
3757 6
3758 6
3759 6
3760 6
3761 6
3762 6
3763 6
3764 3
3765 0
3766 0
3767 3
3768 3
3769 3
3770 3
3771 2
3772 2
3773 2
3774 4
3775 4
3776 4
3777 4
3778 4
3779 2
3780 4
3781 4
3782 4
3783 2
3784 4
3785 4
3786 4
3787 4
3788 8
3789 4
3790 4
3791 2
3792 6
3793 6
3794 6
3795 6
3796 6
3797 0
3798 1
3799 1
3800 4
3801 4
3802 4
3803 4
3804 4
3805 4
3806 4
3807 4
3808 4
3809 4
3810 4
3811 8
3812 2
3813 2
3814 2
3815 4
3816 2
3817 6
3818 6
3819 3
3820 6
3821 6
3822 6
3823 6
3824 6
3825 6
3826 2
3827 4
3828 7
3829 7
3830 7
3831 7
3832 1
3833 2
3834 2
3835 2
3836 2
3837 2
3838 2
3839 2
3840 2
3841 2
3842 2
3843 2
3844 2
3845 8
3846 9
3847 1
3848 1
3849 1
3850 1
3851 1
3852 1
3853 1
3854 1
3855 1
3856 9
3857 9
3858 9
3859 1
3860 7
3861 7
3862 7
3863 9
3864 1
3865 1
3866 1
3867 1
3868 1
3869 1
3870 1
3871 1
3872 1
3873 1
3874 9
3875 1
3876 9
3877 9
3878 1
3879 1
3880 1
3881 3
3882 3
3883 8
3884 8
3885 8
3886 5
3887 5
3888 5
3889 8
3890 8
3891 3
3892 3
3893 3
3894 3
3895 3
3896 3
3897 3
3898 3
3899 3
3900 3
3901 3
3902 3
3903 3
3904 8
3905 8
3906 4
3907 4
3908 5
3909 5
3910 5
3911 5
3912 2
3913 2
3914 1
3915 1
3916 9
3917 9
3918 9
3919 1
3920 9
3921 1
3922 1
3923 1
3924 1
3925 5
3926 2
3927 6
3928 2
3929 5
3930 5
3931 5
3932 5
3933 5
3934 8
3935 2
3936 1
3937 6
3938 6
3939 6
3940 4
3941 4
3942 4
3943 5
3944 8
3945 1
3946 6
3947 9
3948 1
3949 1
3950 6
3951 6
3952 0
3953 1
3954 3
3955 3
3956 3
3957 3
3958 8
3959 0
3960 2
3961 2
3962 2
3963 2
3964 2
3965 4
3966 4
3967 4
3968 4
3969 4
3970 4
3971 4
3972 4
3973 4
3974 4
3975 4
3976 4
3977 4
3978 4
3979 3
3980 3
3981 3
3982 3
3983 3
3984 4
3985 6
3986 6
3987 6
3988 3
3989 3
3990 3
3991 3
3992 3
3993 3
3994 0
3995 0
3996 0
3997 0
3998 8
3999 1
4000 1
4001 1
4002 1
4003 6
4004 6
4005 6
4006 6
4007 6
4008 8
4009 8
4010 8
4011 8
4012 6
4013 6
4014 1
4015 7
4016 7
4017 4
4018 4
4019 2
4020 2
4021 2
4022 0
4023 0
4024 8
4025 3
4026 3
4027 4
4028 6
4029 6
4030 6
4031 8
4032 8
4033 0
4034 9
4035 6
4036 2
4037 2
4038 4
4039 4
4040 6
4041 6
4042 6
4043 9
4044 0
4045 4
4046 4
4047 1
4048 1
4049 1
4050 1
4051 1
4052 1
4053 1
4054 4
4055 5
4056 8
4057 0
4058 0
4059 6
4060 6
4061 6
4062 6
4063 6
4064 6
4065 6
4066 6
4067 6
4068 6
4069 6
4070 6
4071 6
4072 6
4073 6
4074 6
4075 6
4076 6
4077 6
4078 6
4079 6
4080 6
4081 6
4082 6
4083 0
4084 1
4085 0
4086 0
4087 0
4088 0
4089 0
4090 2
4091 4
4092 4
4093 1
4094 9
4095 3
4096 3
4097 3
4098 3
4099 3
4100 3
4101 3
4102 3
4103 3
4104 8
4105 8
4106 1
4107 1
4108 0
4109 2
4110 5
4111 5
4112 5
4113 5
4114 5
4115 5
4116 5
4117 5
4118 5
4119 4
4120 4
4121 3
4122 3
4123 3
4124 6
4125 6
4126 6
4127 6
4128 6
4129 6
4130 6
4131 2
4132 2
4133 2
4134 2
4135 2
4136 2
4137 0
4138 0
4139 8
4140 8
4141 8
4142 1
4143 1
4144 6
4145 6
4146 1
4147 0
4148 0
4149 1
4150 4
4151 1
4152 1
4153 9
4154 1
4155 9
4156 4
4157 5
4158 5
4159 5
4160 5
4161 5
4162 5
4163 8
4164 8
4165 3
4166 3
4167 3
4168 3
4169 3
4170 3
4171 3
4172 3
4173 3
4174 3
4175 3
4176 3
4177 4
4178 4
4179 4
4180 4
4181 4
4182 4
4183 4
4184 4
4185 4
4186 4
4187 2
4188 2
4189 4
4190 6
4191 9
4192 1
4193 1
4194 4
4195 4
4196 4
4197 2
4198 4
4199 4
4200 4
4201 4
4202 4
4203 4
4204 4
4205 4
4206 6
4207 6
4208 6
4209 6
4210 6
4211 6
4212 6
4213 4
4214 2
4215 0
4216 8
4217 4
4218 4
4219 0
4220 2
4221 3
4222 3
4223 3
4224 9
4225 2
4226 9
4227 2
4228 6
4229 6
4230 6
4231 9
4232 9
4233 1
4234 2
4235 1
4236 6
4237 6
4238 6
4239 2
4240 4
4241 4
4242 4
4243 1
4244 1
4245 1
4246 1
4247 1
4248 1
4249 1
4250 1
4251 1
4252 1
4253 1
4254 1
4255 1
4256 4
4257 4
4258 4
4259 4
4260 2
4261 4
4262 4
4263 4
4264 4
4265 4
4266 4
4267 4
4268 4
4269 4
4270 4
4271 4
4272 8
4273 8
4274 8
4275 8
4276 8
4277 8
4278 8
4279 7
4280 1
4281 1
4282 1
4283 1
4284 4
4285 4
4286 4
4287 0
4288 1
4289 8
4290 6
4291 4
4292 3
4293 3
4294 3
4295 3
4296 3
4297 7
4298 7
4299 7
4300 4
4301 4
4302 7
4303 7
4304 7
4305 7
4306 7
4307 7
4308 7
4309 7
4310 7
4311 7
4312 7
4313 5
4314 7
4315 4
4316 3
4317 3
4318 4
4319 2
4320 8
4321 8
4322 8
4323 4
4324 4
4325 4
4326 4
4327 3
4328 3
4329 4
4330 6
4331 8
4332 8
4333 6
4334 6
4335 6
4336 6
4337 6
4338 4
4339 4
4340 4
4341 4
4342 4
4343 4
4344 4
4345 2
4346 4
4347 4
4348 2
4349 4
4350 4
4351 8
4352 8
4353 8
4354 8
4355 2
4356 2
4357 4
4358 6
4359 8
4360 9
4361 9
4362 2
4363 9
4364 7
4365 7
4366 7
4367 4
4368 4
4369 4
4370 4
4371 4
4372 4
4373 4
4374 4
4375 4
4376 4
4377 4
4378 4
4379 4
4380 4
4381 4
4382 4
4383 1
4384 0
4385 7
4386 7
4387 7
4388 3
4389 3
4390 3
4391 3
4392 6
4393 6
4394 6
4395 6
4396 6
4397 6
4398 4
4399 0
4400 0
4401 6
4402 6
4403 3
4404 6
4405 8
4406 8
4407 7
4408 7
4409 7
4410 7
4411 7
4412 7
4413 7
4414 7
4415 7
4416 7
4417 7
4418 4
4419 4
4420 4
4421 4
4422 4
4423 4
4424 4
4425 4
4426 4
4427 4
4428 7
4429 7
4430 7
4431 7
4432 7
4433 7
4434 5
4435 5
4436 5
4437 6
4438 6
4439 6
4440 6
4441 6
4442 1
4443 2
4444 2
4445 3
4446 3
4447 3
4448 3
4449 3
4450 3
4451 3
4452 3
4453 3
4454 3
4455 3
4456 3
4457 3
4458 0
4459 0
4460 6
4461 0
4462 0
4463 0
4464 0
4465 0
4466 0
4467 0
4468 7
4469 7
4470 7
4471 7
4472 7
4473 7
4474 7
4475 7
4476 7
4477 7
4478 8
4479 0
4480 8
4481 8
4482 6
4483 6
4484 6
4485 7
4486 7
4487 7
4488 7
4489 7
4490 0
4491 0
4492 4
4493 2
4494 2
4495 2
4496 2
4497 8
4498 4
4499 3
4500 0
4501 0
4502 0
4503 0
4504 0
4505 0
4506 0
4507 0
4508 0
4509 8
4510 6
4511 6
4512 6
4513 4
4514 2
4515 2
4516 2
4517 2
4518 4
4519 4
4520 4
4521 4
4522 4
4523 2
4524 2
4525 4
4526 4
4527 4
4528 4
4529 2
4530 2
4531 4
4532 2
4533 2
4534 2
4535 4
4536 4
4537 4
4538 4
4539 4
4540 4
4541 8
4542 2
4543 6
4544 0
4545 0
4546 1
4547 1
4548 1
4549 1
4550 1
4551 1
4552 1
4553 1
4554 6
4555 8
4556 8
4557 2
4558 2
4559 7
4560 5
4561 1
4562 9
4563 9
4564 0
4565 9
4566 9
4567 9
4568 9
4569 0
4570 0
4571 6
4572 4
4573 4
4574 4
4575 4
4576 4
4577 4
4578 4
4579 4
4580 4
4581 4
4582 4
4583 4
4584 4
4585 4
4586 4
4587 4
4588 4
4589 2
4590 2
4591 4
4592 2
4593 4
4594 2
4595 2
4596 4
4597 4
4598 4
4599 4
4600 6
4601 6
4602 6
4603 8
4604 4
4605 4
4606 4
4607 4
4608 4
4609 4
4610 4
4611 4
4612 9
4613 3
4614 3
4615 3
4616 3
4617 3
4618 3
4619 2
4620 2
4621 4
4622 4
4623 4
4624 0
4625 0
4626 0
4627 0
4628 0
4629 0
4630 0
4631 0
4632 0
4633 0
4634 0
4635 0
4636 0
4637 6
4638 8
4639 4
4640 4
4641 2
4642 6
4643 4
4644 4
4645 4
4646 2
4647 2
4648 2
4649 2
4650 2
4651 2
4652 2
4653 4
4654 4
4655 4
4656 4
4657 4
4658 8
4659 8
4660 8
4661 8
4662 8
4663 8
4664 1
4665 2
4666 4
4667 3
4668 3
4669 7
4670 7
4671 4
4672 4
4673 4
4674 4
4675 7
4676 7
4677 7
4678 7
4679 7
4680 7
4681 2
4682 1
4683 7
4684 7
4685 7
4686 7
4687 7
4688 7
4689 7
4690 7
4691 7
4692 7
4693 7
4694 7
4695 7
4696 8
4697 9
4698 1
4699 7
4700 9
4701 9
4702 9
4703 1
4704 1
4705 7
4706 7
4707 1
4708 1
4709 0
4710 4
4711 4
4712 2
4713 6
4714 4
4715 2
4716 1
4717 1
4718 2
4719 2
4720 5
4721 5
4722 5
4723 5
4724 5
4725 2
4726 5
4727 2
4728 3
4729 7
4730 2
4731 0
4732 4
4733 4
4734 4
4735 4
4736 0
4737 0
4738 0
4739 2
4740 5
4741 9
4742 8
4743 3
4744 8
4745 2
4746 2
4747 2
4748 2
4749 2
4750 2
4751 2
4752 2
4753 2
4754 6
4755 6
4756 8
4757 8
4758 8
4759 8
4760 4
4761 4
4762 5
4763 0
4764 0
4765 6
4766 6
4767 8
4768 7
4769 8
4770 4
4771 2
4772 2
4773 2
4774 2
4775 2
4776 2
4777 2
4778 7
4779 7
4780 7
4781 7
4782 7
4783 7
4784 6
4785 0
4786 0
4787 0
4788 0
4789 0
4790 0
4791 0
4792 2
4793 0
4794 1
4795 9
4796 9
4797 9
4798 2
4799 2
4800 2
4801 2
4802 2
4803 7
4804 7
4805 7
4806 7
4807 4
4808 4
4809 4
4810 4
4811 4
4812 4
4813 4
4814 4
4815 4
4816 4
4817 4
4818 2
4819 4
4820 4
4821 2
4822 4
4823 0
4824 6
4825 6
4826 9
4827 9
4828 9
4829 9
4830 2
4831 2
4832 2
4833 2
4834 2
4835 6
4836 6
4837 1
4838 1
4839 1
4840 1
4841 9
4842 9
4843 9
4844 2
4845 2
4846 2
4847 4
4848 4
4849 4
4850 2
4851 2
4852 2
4853 2
4854 6
4855 6
4856 0
4857 4
4858 2
4859 8
4860 6
4861 6
4862 6
4863 6
4864 6
4865 6
4866 6
4867 6
4868 6
4869 2
4870 5
4871 4
4872 4
4873 4
4874 4
4875 4
4876 4
4877 1
4878 4
4879 4
4880 4
4881 8
4882 1
4883 0
4884 0
4885 0
4886 0
4887 1
4888 2
4889 6
4890 2
4891 2
4892 2
4893 4
4894 4
4895 4
4896 4
4897 4
4898 4
4899 6
4900 6
4901 6
4902 6
4903 6
4904 0
4905 0
4906 0
4907 0
4908 4
4909 4
4910 4
4911 4
4912 4
4913 4
4914 4
4915 6
4916 6
4917 6
4918 6
4919 6
4920 1
4921 4
4922 1
4923 6
4924 2
4925 0
4926 2
4927 2
4928 2
4929 2
4930 8
4931 1
4932 4
4933 8
4934 0
4935 9
4936 1
4937 1
4938 1
4939 1
4940 1
4941 1
4942 1
4943 1
4944 1
4945 1
4946 1
4947 1
4948 1
4949 1
4950 1
4951 2
4952 2
4953 8
4954 5
4955 5
4956 5
4957 5
4958 5
4959 5
4960 5
4961 5
4962 5
4963 5
4964 2
4965 2
4966 0
4967 0
4968 0
4969 3
4970 3
4971 3
4972 3
4973 3
4974 2
4975 8
4976 0
4977 1
4978 1
4979 1
4980 1
4981 1
4982 1
4983 1
4984 1
4985 1
4986 0
4987 4
4988 4
4989 4
4990 2
4991 4
4992 4
4993 2
4994 4
4995 4
4996 2
4997 1
4998 7
4999 7
5000 7
5001 7
5002 0
5003 0
5004 0
5005 1
5006 5
5007 5
5008 5
5009 5
5010 5
5011 5
5012 5
5013 5
5014 4
5015 7
5016 7
5017 7
5018 7
5019 7
5020 7
5021 7
5022 7
5023 7
5024 7
5025 7
5026 7
5027 7
5028 7
5029 7
5030 1
5031 1
5032 4
5033 2
5034 2
5035 2
5036 2
5037 2
5038 2
5039 2
5040 2
5041 2
5042 2
5043 2
5044 2
5045 2
5046 2
5047 2
5048 3
5049 3
5050 3
5051 3
5052 3
5053 3
5054 3
5055 3
5056 3
5057 3
5058 3
5059 3
5060 3
5061 3
5062 3
5063 3
5064 3
5065 3
5066 3
5067 3
5068 3
5069 4
5070 7
5071 2
5072 8
5073 2
5074 2
5075 2
5076 3
5077 2
5078 2
5079 2
5080 2
5081 2
5082 2
5083 2
5084 7
5085 2
5086 2
5087 0
5088 4
5089 4
5090 4
5091 7
5092 7
5093 7
5094 7
5095 2
5096 7
5097 7
5098 7
5099 7
5100 7
5101 2
5102 6
5103 6
5104 6
5105 6
5106 6
5107 6
5108 6
5109 6
5110 1
5111 4
5112 2
5113 2
5114 5
5115 5
5116 6
5117 6
5118 6
5119 6
5120 6
5121 2
5122 2
5123 2
5124 2
5125 7
5126 2
5127 2
5128 2
5129 4
5130 2
5131 6
5132 6
5133 6
5134 6
5135 6
5136 6
5137 6
5138 6
5139 3
5140 3
5141 0
5142 0
5143 0
5144 0
5145 0
5146 0
5147 0
5148 3
5149 4
5150 4
5151 4
5152 4
5153 4
5154 4
5155 2
5156 2
5157 2
5158 3
5159 3
5160 3
5161 3
5162 2
5163 2
5164 2
5165 2
5166 2
5167 2
5168 2
5169 4
5170 4
5171 4
5172 6
5173 6
5174 6
5175 6
5176 0
5177 0
5178 0
5179 0
5180 0
5181 0
5182 0
5183 4
5184 2
5185 2
5186 2
5187 0
5188 0
5189 0
5190 0
5191 0
5192 0
5193 0
5194 0
5195 0
5196 2
5197 2
5198 2
5199 6
5200 2
5201 4
5202 6
5203 9
5204 8
5205 0
5206 0
5207 8
5208 8
5209 8
5210 7
5211 6
5212 6
5213 6
5214 0
5215 0
5216 0
5217 0
5218 0
5219 0
5220 2
5221 2
5222 2
5223 2
5224 4
5225 0
5226 7
5227 7
5228 7
5229 7
5230 7
5231 7
5232 4
5233 9
5234 9
5235 2
5236 2
5237 2
5238 2
5239 2
5240 2
5241 2
5242 2
5243 2
5244 2
5245 2
5246 1
5247 4
5248 4
5249 2
5250 2
5251 4
5252 6
5253 6
5254 5
5255 5
5256 5
5257 6
5258 6
5259 0
5260 0
5261 0
5262 0
5263 0
5264 0
5265 2
5266 8
5267 4
5268 4
5269 4
5270 0
5271 2
5272 6
5273 6
5274 6
5275 6
5276 6
5277 6
5278 6
5279 9
5280 9
5281 3
5282 3
5283 3
5284 3
5285 0
5286 0
5287 2
5288 2
5289 2
5290 1
5291 1
5292 7
5293 9
5294 7
5295 7
5296 1
5297 6
5298 0
5299 0
5300 2
5301 2
5302 9
5303 0
5304 6
5305 1
5306 1
5307 1
5308 1
5309 1
5310 1
5311 1
5312 4
5313 4
5314 4
5315 4
5316 3
5317 3
5318 3
5319 3
5320 2
5321 2
5322 2
5323 2
5324 2
5325 2
5326 2
5327 2
5328 2
5329 2
5330 2
5331 9
5332 1
5333 1
5334 1
5335 2
5336 2
5337 2
5338 2
5339 2
5340 2
5341 6
5342 6
5343 6
5344 6
5345 6
5346 6
5347 2
5348 2
5349 4
5350 1
5351 1
5352 1
5353 9
5354 9
5355 4
5356 9
5357 9
5358 1
5359 1
5360 1
5361 1
5362 1
5363 1
5364 1
5365 7
5366 1
5367 1
5368 1
5369 1
5370 1
5371 1
5372 1
5373 1
5374 1
5375 1
5376 1
5377 1
5378 1
5379 1
5380 1
5381 1
5382 1
5383 1
5384 1
5385 1
5386 1
5387 1
5388 1
5389 1
5390 2
5391 2
5392 2
5393 1
5394 1
5395 1
5396 2
5397 2
5398 2
5399 2
5400 2
5401 2
5402 2
5403 2
5404 2
5405 2
5406 2
5407 9
5408 2
5409 2
5410 6
5411 6
5412 3
5413 3
5414 3
5415 3
5416 7
5417 6
5418 6
5419 2
5420 6
5421 6
5422 7
5423 7
5424 7
5425 6
5426 6
5427 6
5428 2
5429 2
5430 2
5431 2
5432 2
5433 2
5434 2
5435 2
5436 1
5437 1
5438 1
5439 1
5440 1
5441 1
5442 1
5443 1
5444 1
5445 1
5446 1
5447 4
5448 2
5449 2
5450 0
5451 1
5452 4
5453 0
5454 2
5455 6
5456 0
5457 4
5458 4
5459 4
5460 4
5461 4
5462 4
5463 4
5464 6
5465 6
5466 3
5467 3
5468 3
5469 2
5470 2
5471 1
5472 1
5473 7
5474 7
5475 7
5476 8
5477 8
5478 8
5479 0
5480 1
5481 8
5482 8
5483 8
5484 9
5485 1
5486 1
5487 6
5488 6
5489 6
5490 6
5491 6
5492 6
5493 0
5494 0
5495 0
5496 0
5497 0
5498 0
5499 0
5500 6
5501 3
5502 0
5503 0
5504 0
5505 0
5506 1
5507 6
5508 6
5509 6
5510 0
5511 8
5512 0
5513 0
5514 0
5515 0
5516 0
5517 0
5518 0
5519 0
5520 0
5521 0
5522 4
5523 7
5524 1
5525 7
5526 7
5527 6
5528 6
5529 2
5530 4
5531 4
5532 1
5533 1
5534 1
5535 1
5536 1
5537 1
5538 1
5539 1
5540 1
5541 1
5542 1
5543 1
5544 1
5545 1
5546 1
5547 1
5548 4
5549 4
5550 4
5551 1
5552 7
5553 7
5554 7
5555 7
5556 7
5557 7
5558 7
5559 7
5560 7
5561 1
5562 1
5563 1
5564 1
5565 1
5566 1
5567 1
5568 4
5569 7
5570 7
5571 7
5572 8
5573 4
5574 2
5575 2
5576 1
5577 1
5578 1
5579 1
5580 0
5581 4
5582 4
5583 3
5584 3
5585 5
5586 3
5587 3
5588 5
5589 5
5590 5
5591 6
5592 4
5593 4
5594 4
5595 4
5596 0
5597 4
5598 8
5599 6
5600 6
5601 6
5602 6
5603 6
5604 6
5605 4
5606 4
5607 2
5608 2
5609 2
5610 2
5611 2
5612 0
5613 0
5614 0
5615 0
5616 7
5617 2
5618 2
5619 2
5620 3
5621 4
5622 4
5623 4
5624 4
5625 4
5626 4
5627 0
5628 0
5629 4
5630 4
5631 4
5632 1
5633 1
5634 2
5635 2
5636 4
5637 8
5638 6
5639 6
5640 2
5641 2
5642 2
5643 2
5644 2
5645 2
5646 2
5647 2
5648 1
5649 0
5650 1
5651 1
5652 3
5653 1
5654 1
5655 4
5656 3
5657 3
5658 3
5659 3
5660 3
5661 3
5662 3
5663 0
5664 0
5665 4
5666 4
5667 4
5668 4
5669 8
5670 8
5671 0
5672 0
5673 0
5674 0
5675 5
5676 5
5677 5
5678 5
5679 5
5680 5
5681 5
5682 5
5683 5
5684 5
5685 5
5686 6
5687 6
5688 7
5689 4
5690 4
5691 4
5692 4
5693 2
5694 2
5695 2
5696 2
5697 0
5698 0
5699 0
5700 4
5701 4
5702 0
5703 0
5704 3
5705 3
5706 3
5707 3
5708 3
5709 3
5710 3
5711 3
5712 3
5713 3
5714 3
5715 3
5716 3
5717 3
5718 3
5719 3
5720 3
5721 3
5722 3
5723 3
5724 3
5725 3
5726 0
5727 0
5728 0
5729 0
5730 0
5731 0
5732 0
5733 0
5734 0
5735 2
5736 2
5737 2
5738 2
5739 2
5740 9
5741 6
5742 6
5743 6
5744 5
5745 5
5746 5
5747 5
5748 3
5749 3
5750 7
5751 7
5752 2
5753 1
5754 1
5755 1
5756 4
5757 4
5758 1
5759 9
5760 1
5761 1
5762 2
5763 1
5764 1
5765 4
5766 9
5767 2
5768 6
5769 9
5770 1
5771 1
5772 1
5773 1
5774 6
5775 0
5776 9
5777 9
5778 9
5779 9
5780 1
5781 1
5782 1
5783 1
5784 1
5785 1
5786 1
5787 9
5788 0
5789 4
5790 2
5791 0
5792 0
5793 0
5794 0
5795 0
5796 0
5797 0
5798 0
5799 6
5800 4
5801 4
5802 4
5803 4
5804 1
5805 3
5806 3
5807 3
5808 3
5809 3
5810 3
5811 3
5812 6
5813 4
5814 0
5815 0
5816 0
5817 0
5818 0
5819 0
5820 0
5821 3
5822 3
5823 3
5824 0
5825 2
5826 2
5827 2
5828 2
5829 2
5830 2
5831 9
5832 4
5833 4
5834 7
5835 7
5836 7
5837 3
5838 3
5839 3
5840 4
5841 4
5842 4
5843 4
5844 4
5845 4
5846 4
5847 4
5848 4
5849 4
5850 4
5851 4
5852 4
5853 4
5854 4
5855 4
5856 4
5857 4
5858 4
5859 4
5860 4
5861 4
5862 3
5863 3
5864 3
5865 2
5866 2
5867 2
5868 2
5869 2
5870 2
5871 2
5872 2
5873 2
5874 2
5875 2
5876 2
5877 2
5878 1
5879 1
5880 1
5881 1
5882 9
5883 4
5884 4
5885 4
5886 4
5887 4
5888 4
5889 4
5890 4
5891 4
5892 4
5893 4
5894 4
5895 4
5896 4
5897 4
5898 4
5899 4
5900 0
5901 6
5902 1
5903 0
5904 0
5905 0
5906 4
5907 4
5908 4
5909 1
5910 9
5911 1
5912 8
5913 1
5914 1
5915 0
5916 0
5917 0
5918 0
5919 0
5920 0
5921 0
5922 1
5923 1
5924 1
5925 0
5926 0
5927 3
5928 3
5929 2
5930 4
5931 4
5932 4
5933 1
5934 9
5935 3
5936 3
5937 3
5938 1
5939 1
5940 1
5941 1
5942 1
5943 1
5944 1
5945 1
5946 1
5947 1
5948 1
5949 1
5950 1
5951 1
5952 1
5953 1
5954 1
5955 1
5956 1
5957 1
5958 1
5959 0
5960 0
5961 0
5962 9
5963 2
5964 2
5965 6
5966 6
5967 6
5968 6
5969 3
5970 3
5971 3
5972 3
5973 7
5974 6
5975 4
5976 4
5977 5
5978 2
5979 2
5980 2
5981 2
5982 2
5983 9
5984 1
5985 7
5986 7
5987 7
5988 7
5989 2
5990 2
5991 2
5992 2
5993 2
5994 2
5995 2
5996 2
5997 2
5998 2
5999 2
6000 2
6001 2
6002 2
6003 2
6004 2
6005 6
6006 6
6007 6
6008 8
6009 1
6010 9
6011 9
6012 9
6013 9
6014 9
6015 9
6016 9
6017 9
6018 1
6019 9
6020 9
6021 8
6022 2
6023 2
6024 2
6025 4
6026 4
6027 4
6028 4
6029 4
6030 0
6031 4
6032 4
6033 4
6034 4
6035 4
6036 4
6037 8
6038 8
6039 0
6040 0
6041 0
6042 0
6043 0
6044 0
6045 0
6046 0
6047 0
6048 0
6049 0
6050 0
6051 0
6052 0
6053 0
6054 0
6055 0
6056 1
6057 9
6058 9
6059 5
6060 3
6061 2
6062 2
6063 2
6064 2
6065 3
6066 3
6067 3
6068 3
6069 4
6070 4
6071 4
6072 4
6073 4
6074 4
6075 5
6076 5
6077 5
6078 5
6079 5
6080 3
6081 3
6082 0
6083 9
6084 4
6085 7
6086 7
6087 1
6088 1
6089 1
6090 1
6091 1
6092 9
6093 1
6094 1
6095 1
6096 1
6097 1
6098 4
6099 4
6100 6
6101 6
6102 1
6103 9
6104 4
6105 4
6106 4
6107 2
6108 2
6109 2
6110 2
6111 2
6112 2
6113 2
6114 2
6115 4
6116 4
6117 4
6118 4
6119 4
6120 7
6121 7
6122 7
6123 7
6124 2
6125 0
6126 9
6127 4
6128 6
6129 6
6130 6
6131 2
6132 2
6133 2
6134 1
6135 1
6136 1
6137 1
6138 1
6139 1
6140 1
6141 1
6142 1
6143 1
6144 1
6145 1
6146 1
6147 4
6148 4
6149 4
6150 4
6151 0
6152 4
6153 2
6154 2
6155 2
6156 2
6157 2
6158 2
6159 8
6160 1
6161 1
6162 5
6163 0
6164 6
6165 2
6166 2
6167 2
6168 0
6169 2
6170 4
6171 4
6172 4
6173 9
6174 6
6175 6
6176 6
6177 6
6178 6
6179 6
6180 2
6181 0
6182 1
6183 1
6184 1
6185 1
6186 1
6187 1
6188 1
6189 1
6190 1
6191 1
6192 1
6193 1
6194 1
6195 1
6196 9
6197 4
6198 3
6199 5
6200 3
6201 3
6202 3
6203 3
6204 3
6205 3
6206 3
6207 3
6208 3
6209 8
6210 6
6211 1
6212 1
6213 1
6214 6
6215 6
6216 6
6217 1
6218 0
6219 6
6220 3
6221 8
6222 1
6223 3
6224 3
6225 3
6226 7
6227 7
6228 7
6229 7
6230 7
6231 7
6232 0
6233 1
6234 1
6235 7
6236 7
6237 7
6238 7
6239 2
6240 3
6241 3
6242 8
6243 8
6244 2
6245 0
6246 0
6247 0
6248 0
6249 4
6250 4
6251 4
6252 4
6253 2
6254 2
6255 0
6256 7
6257 1
6258 1
6259 1
6260 1
6261 1
6262 2
6263 2
6264 2
6265 2
6266 1
6267 5
6268 2
6269 2
6270 2
6271 2
6272 2
6273 2
6274 2
6275 8
6276 5
6277 5
6278 5
6279 5
6280 5
6281 5
6282 7
6283 7
6284 7
6285 7
6286 2
6287 2
6288 0
6289 4
6290 2
6291 2
6292 2
6293 2
6294 2
6295 2
6296 4
6297 4
6298 4
6299 0
6300 0
6301 8
6302 4
6303 4
6304 2
6305 1
6306 2
6307 1
6308 1
6309 1
6310 1
6311 1
6312 1
6313 1
6314 1
6315 1
6316 1
6317 1
6318 1
6319 1
6320 1
6321 1
6322 6
6323 9
6324 9
6325 9
6326 1
6327 1
6328 1
6329 1
6330 1
6331 1
6332 1
6333 9
6334 8
6335 8
6336 6
6337 3
6338 6
6339 6
6340 6
6341 2
6342 2
6343 2
6344 4
6345 4
6346 4
6347 4
6348 9
6349 0
6350 0
6351 1
6352 1
6353 7
6354 8
6355 6
6356 4
6357 4
6358 4
6359 1
6360 6
6361 2
6362 1
6363 1
6364 1
6365 1
6366 1
6367 1
6368 1
6369 1
6370 1
6371 7
6372 7
6373 7
6374 6
6375 6
6376 6
6377 6
6378 1
6379 1
6380 1
6381 1
6382 6
6383 6
6384 6
6385 0
6386 9
6387 9
6388 9
6389 9
6390 1
6391 9
6392 9
6393 9
6394 9
6395 9
6396 9
6397 9
6398 9
6399 1
6400 7
6401 7
6402 7
6403 1
6404 7
6405 1
6406 9
6407 9
6408 9
6409 9
6410 9
6411 9
6412 9
6413 9
6414 7
6415 9
6416 9
6417 7
6418 7
6419 1
6420 1
6421 1
6422 1
6423 6
6424 4
6425 4
6426 4
6427 4
6428 4
6429 4
6430 7
6431 7
6432 7
6433 6
6434 4
6435 1
6436 1
6437 1
6438 1
6439 1
6440 1
6441 1
6442 1
6443 1
6444 1
6445 1
6446 1
6447 1
6448 1
6449 1
6450 1
6451 1
6452 1
6453 1
6454 1
6455 1
6456 1
6457 1
6458 1
6459 1
6460 1
6461 1
6462 1
6463 1
6464 1
6465 1
6466 1
6467 1
6468 7
6469 7
6470 1
6471 1
6472 1
6473 1
6474 1
6475 1
6476 3
6477 1
6478 1
6479 0
6480 0
6481 0
6482 0
6483 0
6484 0
6485 5
6486 0
6487 6
6488 8
6489 6
6490 6
6491 1
6492 0
6493 6
6494 6
6495 6
6496 8
6497 8
6498 8
6499 1
6500 9
6501 1
6502 1
6503 1
6504 1
6505 1
6506 1
6507 2
6508 0
6509 2
6510 2
6511 0
6512 0
6513 0
6514 6
6515 6
6516 6
6517 0
6518 6
6519 1
6520 4
6521 6
6522 6
6523 6
6524 6
6525 4
6526 3
6527 2
6528 8
6529 0
6530 0
6531 0
6532 0
6533 8
6534 1
6535 1
6536 1
6537 1
6538 1
6539 1
6540 1
6541 7
6542 7
6543 2
6544 4
6545 4
6546 4
6547 4
6548 4
6549 4
6550 4
6551 0
6552 1
6553 1
6554 1
6555 1
6556 1
6557 1
6558 1
6559 1
6560 1
6561 1
6562 1
6563 1
6564 1
6565 1
6566 4
6567 2
6568 2
6569 2
6570 2
6571 2
6572 2
6573 2
6574 2
6575 2
6576 2
6577 2
6578 4
6579 4
6580 4
6581 4
6582 2
6583 0
6584 0
6585 0
6586 0
6587 0
6588 0
6589 0
6590 0
6591 0
6592 0
6593 6
6594 2
6595 2
6596 2
6597 0
6598 0
6599 6
6600 6
6601 6
6602 9
6603 9
6604 5
6605 5
6606 2
6607 2
6608 2
6609 2
6610 2
6611 2
6612 2
6613 2
6614 2
6615 3
6616 3
6617 3
6618 3
6619 3
6620 3
6621 3
6622 3
6623 6
6624 3
6625 2
6626 2
6627 9
6628 9
6629 9
6630 9
6631 9
6632 5
6633 5
6634 9
6635 2
6636 3
6637 3
6638 3
6639 2
6640 2
6641 0
6642 0
6643 0
6644 0
6645 0
6646 4
6647 3
6648 3
6649 3
6650 4
6651 4
6652 4
6653 4
6654 2
6655 2
6656 2
6657 4
6658 4
6659 4
6660 4
6661 4
6662 4
6663 4
6664 4
6665 4
6666 2
6667 2
6668 2
6669 2
6670 2
6671 2
6672 0
6673 0
6674 0
6675 2
6676 3
6677 3
6678 3
6679 3
6680 3
6681 3
6682 6
6683 6
6684 2
6685 3
6686 5
6687 5
6688 5
6689 3
6690 3
6691 1
6692 1
6693 1
6694 1
6695 1
6696 6
6697 0
6698 8
6699 9
6700 9
6701 9
6702 1
6703 1
6704 6
6705 6
6706 6
6707 6
6708 6
6709 6
6710 6
6711 6
6712 6
6713 6
6714 6
6715 6
6716 6
6717 6
6718 2
6719 2
6720 3
6721 3
6722 3
6723 3
6724 6
6725 8
6726 4
6727 6
6728 6
6729 0
6730 0
6731 0
6732 0
6733 3
6734 3
6735 3
6736 3
6737 6
6738 2
6739 2
6740 2
6741 2
6742 2
6743 2
6744 2
6745 2
6746 2
6747 2
6748 8
6749 2
6750 5
6751 5
6752 5
6753 5
6754 6
6755 2
6756 2
6757 2
6758 5
6759 1
6760 1
6761 1
6762 1
6763 1
6764 8
6765 1
6766 1
6767 1
6768 1
6769 1
6770 1
6771 4
6772 3
6773 6
6774 6
6775 6
6776 6
6777 8
6778 8
6779 4
6780 2
6781 2
6782 9
6783 9
6784 9
6785 9
6786 9
6787 4
6788 2
6789 2
6790 2
6791 2
6792 2
6793 2
6794 2
6795 8
6796 1
6797 6
6798 1
6799 1
6800 4
6801 7
6802 2
6803 2
6804 2
6805 2
6806 1
6807 1
6808 1
6809 2
6810 1
6811 1
6812 3
6813 3
6814 3
6815 1
6816 1
6817 9
6818 9
6819 9
6820 9
6821 8
6822 1
6823 1
6824 6
6825 6
6826 6
6827 6
6828 1
6829 1
6830 1
6831 9
6832 9
6833 9
6834 9
6835 9
6836 6
6837 0
6838 1
6839 6
6840 4
6841 4
6842 3
6843 6
6844 6
6845 2
6846 4
6847 4
6848 7
6849 7
6850 8
6851 8
6852 0
6853 1
6854 1
6855 1
6856 7
6857 9
6858 9
6859 1
6860 1
6861 1
6862 1
6863 1
6864 1
6865 4
6866 2
6867 4
6868 9
6869 9
6870 9
6871 9
6872 9
6873 9
6874 9
6875 9
6876 3
6877 3
6878 3
6879 3
6880 3
6881 3
6882 3
6883 1
6884 1
6885 1
6886 1
6887 8
6888 4
6889 4
6890 1
6891 1
6892 7
6893 1
6894 1
6895 7
6896 2
6897 2
6898 2
6899 2
6900 2
6901 2
6902 2
6903 2
6904 2
6905 2
6906 2
6907 8
6908 1
6909 0
6910 7
6911 1
6912 9
6913 7
6914 9
6915 9
6916 6
6917 1
6918 1
6919 2
6920 2
6921 0
6922 0
6923 6
6924 1
6925 8
6926 0
6927 0
6928 0
6929 0
6930 0
6931 0
6932 2
6933 2
6934 2
6935 7
6936 7
6937 4
6938 4
6939 4
6940 9
6941 1
6942 5
6943 5
6944 3
6945 3
6946 3
6947 1
6948 1
6949 9
6950 9
6951 6
6952 3
6953 3
6954 3
6955 1
6956 2
6957 2
6958 2
6959 2
6960 2
6961 2
6962 2
6963 2
6964 2
6965 2
6966 2
6967 2
6968 2
6969 2
6970 2
6971 2
6972 2
6973 2
6974 2
6975 2
6976 2
6977 2
6978 4
6979 4
6980 7
6981 7
6982 7
6983 1
6984 7
6985 1
6986 7
6987 7
6988 8
6989 6
6990 2
6991 2
6992 0
6993 9
6994 9
6995 9
6996 9
6997 1
6998 4
6999 4
7000 4
7001 4
7002 4
7003 4
7004 2
7005 2
7006 2
7007 2
7008 2
7009 2
7010 2
7011 2
7012 1
7013 1
7014 1
7015 1
7016 1
7017 1
7018 1
7019 1
7020 1
7021 2
7022 2
7023 0
7024 4
7025 4
7026 4
7027 1
7028 1
7029 1
7030 7
7031 7
7032 7
7033 1
7034 1
7035 7
7036 1
7037 1
7038 1
7039 9
7040 9
7041 9
7042 1
7043 1
7044 1
7045 1
7046 1
7047 1
7048 1
7049 5
7050 5
7051 3
7052 3
7053 3
7054 3
7055 4
7056 4
7057 4
7058 4
7059 4
7060 4
7061 4
7062 9
7063 9
7064 6
7065 8
7066 1
7067 1
7068 9
7069 9
7070 9
7071 9
7072 4
7073 0
7074 0
7075 0
7076 0
7077 0
7078 0
7079 0
7080 0
7081 0
7082 0
7083 0
7084 0
7085 0
7086 0
7087 0
7088 0
7089 0
7090 0
7091 0
7092 0
7093 0
7094 0
7095 0
7096 0
7097 0
7098 0
7099 0
7100 9
7101 9
7102 9
7103 9
7104 2
7105 4
7106 1
7107 6
7108 6
7109 6
7110 9
7111 6
7112 6
7113 0
7114 0
7115 0
7116 0
7117 0
7118 0
7119 0
7120 0
7121 1
7122 1
7123 1
7124 0
7125 2
7126 2
7127 3
7128 3
7129 3
7130 3
7131 3
7132 3
7133 3
7134 3
7135 3
7136 9
7137 9
7138 9
7139 9
7140 9
7141 1
7142 1
7143 1
7144 1
7145 1
7146 1
7147 1
7148 1
7149 1
7150 6
7151 2
7152 3
7153 3
7154 4
7155 4
7156 4
7157 4
7158 4
7159 2
7160 4
7161 4
7162 4
7163 4
7164 2
7165 2
7166 2
7167 2
7168 2
7169 3
7170 3
7171 3
7172 5
7173 3
7174 3
7175 1
7176 9
7177 9
7178 1
7179 1
7180 1
7181 9
7182 1
7183 9
7184 6
7185 6
7186 6
7187 6
7188 6
7189 2
7190 2
7191 4
7192 2
7193 2
7194 5
7195 6
7196 3
7197 2
7198 2
7199 2
7200 2
7201 2
7202 6
7203 2
7204 2
7205 2
7206 2
7207 1
7208 1
7209 1
7210 1
7211 1
7212 4
7213 4
7214 4
7215 0
7216 5
7217 2
7218 2
7219 2
7220 1
7221 1
7222 1
7223 1
7224 1
7225 8
7226 4
7227 4
7228 4
7229 9
7230 9
7231 9
7232 9
7233 1
7234 1
7235 9
7236 9
7237 2
7238 2
7239 2
7240 2
7241 2
7242 2
7243 2
7244 2
7245 2
7246 2
7247 2
7248 9
7249 9
7250 9
7251 1
7252 1
7253 9
7254 9
7255 9
7256 9
7257 7
7258 1
7259 1
7260 1
7261 7
7262 1
7263 1
7264 1
7265 1
7266 9
7267 1
7268 1
7269 1
7270 1
7271 0
7272 4
7273 8
7274 8
7275 1
7276 1
7277 2
7278 2
7279 2
7280 2
7281 9
7282 9
7283 1
7284 1
7285 1
7286 1
7287 1
7288 1
7289 1
7290 7
7291 7
7292 4
7293 4
7294 4
7295 4
7296 4
7297 4
7298 6
7299 6
7300 6
7301 6
7302 2
7303 4
7304 2
7305 5
7306 5
7307 5
7308 5
7309 4
7310 4
7311 4
7312 9
7313 7
7314 7
7315 7
7316 5
7317 0
7318 0
7319 0
7320 0
7321 0
7322 0
7323 1
7324 9
7325 1
7326 1
7327 1
7328 1
7329 9
7330 2
7331 2
7332 4
7333 4
7334 4
7335 7
7336 7
7337 2
7338 2
7339 2
7340 2
7341 2
7342 2
7343 2
7344 2
7345 2
7346 2
7347 2
7348 0
7349 1
7350 1
7351 5
7352 5
7353 5
7354 4
7355 1
7356 1
7357 1
7358 1
7359 1
7360 2
7361 4
7362 4
7363 4
7364 2
7365 4
7366 4
7367 4
7368 1
7369 1
7370 1
7371 1
7372 2
7373 9
7374 4
7375 7
7376 7
7377 6
7378 6
7379 6
7380 6
7381 6
7382 6
7383 6
7384 6
7385 6
7386 6
7387 6
7388 6
7389 6
7390 6
7391 6
7392 6
7393 4
7394 6
7395 4
7396 2
7397 7
7398 3
7399 3
7400 3
7401 0
7402 0
7403 0
7404 0
7405 2
7406 2
7407 4
7408 4
7409 2
7410 2
7411 2
7412 0
7413 0
7414 0
7415 1
7416 1
7417 1
7418 1
7419 1
7420 1
7421 1
7422 1
7423 2
7424 4
7425 8
7426 8
7427 2
7428 6
7429 6
7430 0
7431 0
7432 0
7433 0
7434 8
7435 0
7436 0
7437 8
7438 5
7439 9
7440 9
7441 2
7442 2
7443 6
7444 2
7445 2
7446 1
7447 1
7448 1
7449 1
7450 1
7451 1
7452 1
7453 1
7454 2
7455 2
7456 9
7457 9
7458 9
7459 3
7460 9
7461 9
7462 9
7463 9
7464 9
7465 9
7466 9
7467 9
7468 9
7469 9
7470 9
7471 1
7472 0
7473 4
7474 4
7475 4
7476 0
7477 9
7478 9
7479 9
7480 9
7481 9
7482 9
7483 1
7484 2
7485 1
7486 1
7487 1
7488 4
7489 2
7490 0
7491 8
7492 1
7493 1
7494 1
7495 7
7496 7
7497 3
7498 3
7499 5
7500 5
7501 3
7502 5
7503 5
7504 5
7505 5
7506 1
7507 9
7508 9
7509 1
7510 1
7511 1
7512 1
7513 1
7514 1
7515 1
7516 1
7517 1
7518 1
7519 1
7520 1
7521 1
7522 1
7523 7
7524 7
7525 0
7526 1
7527 7
7528 3
7529 5
7530 5
7531 3
7532 3
7533 3
7534 9
7535 9
7536 9
7537 9
7538 9
7539 9
7540 9
7541 2
7542 0
7543 2
7544 2
7545 5
7546 1
7547 3
7548 9
7549 2
7550 0
7551 0
7552 0
7553 3
7554 3
7555 3
7556 2
7557 2
7558 2
7559 2
7560 2
7561 2
7562 2
7563 2
7564 2
7565 2
7566 2
7567 1
7568 1
7569 1
7570 7
7571 7
7572 6
7573 6
7574 6
7575 1
7576 1
7577 1
7578 1
7579 2
7580 6
7581 2
7582 0
7583 0
7584 0
7585 0
7586 0
7587 2
7588 2
7589 6
7590 6
7591 6
7592 2
7593 2
7594 2
7595 2
7596 2
7597 3
7598 3
7599 3
7600 3
7601 3
7602 3
7603 3
7604 0
7605 0
7606 2
7607 3
7608 3
7609 0
7610 5
7611 5
7612 5
7613 3
7614 3
7615 3
7616 3
7617 6
7618 6
7619 7
7620 4
7621 0
7622 0
7623 0
7624 0
7625 0
7626 0
7627 0
7628 0
7629 0
7630 0
7631 0
7632 0
7633 0
7634 0
7635 0
7636 0
7637 0
7638 0
7639 0
7640 0
7641 0
7642 0
7643 2
7644 2
7645 9
7646 9
7647 9
7648 9
7649 1
7650 1
7651 7
7652 7
7653 7
7654 2
7655 2
7656 2
7657 2
7658 2
7659 2
7660 2
7661 0
7662 0
7663 0
7664 0
7665 0
7666 0
7667 0
7668 0
7669 0
7670 0
7671 9
7672 9
7673 9
7674 9
7675 3
7676 6
7677 6
7678 6
7679 6
7680 6
7681 6
7682 6
7683 0
7684 0
7685 1
7686 1
7687 1
7688 1
7689 1
7690 0
7691 2
7692 2
7693 2
7694 2
7695 2
7696 1
7697 0
7698 0
7699 0
7700 0
7701 3
7702 3
7703 3
7704 5
7705 5
7706 5
7707 5
7708 2
7709 5
7710 1
7711 1
7712 1
7713 1
7714 1
7715 1
7716 1
7717 1
7718 1
7719 1
7720 1
7721 4
7722 0
7723 0
7724 0
7725 0
7726 0
7727 0
7728 0
7729 0
7730 0
7731 0
7732 4
7733 4
7734 4
7735 4
7736 4
7737 4
7738 0
7739 0
7740 0
7741 0
7742 0
7743 0
7744 0
7745 0
7746 0
7747 0
7748 9
7749 2
7750 5
7751 5
7752 5
7753 5
7754 5
7755 0
7756 0
7757 5
7758 5
7759 5
7760 5
7761 3
7762 3
7763 3
7764 2
7765 2
7766 1
7767 9
7768 9
7769 1
7770 1
7771 1
7772 1
7773 1
7774 1
7775 0
7776 0
7777 0
7778 6
7779 3
7780 3
7781 3
7782 3
7783 3
7784 3
7785 3
7786 3
7787 0
7788 0
7789 0
7790 0
7791 0
7792 0
7793 0
7794 0
7795 0
7796 0
7797 0
7798 1
7799 1
7800 1
7801 1
7802 9
7803 9
7804 9
7805 1
7806 1
7807 9
7808 1
7809 1
7810 9
7811 1
7812 9
7813 1
7814 9
7815 9
7816 1
7817 1
7818 1
7819 1
7820 1
7821 1
7822 1
7823 1
7824 3
7825 3
7826 3
7827 3
7828 6
7829 6
7830 0
7831 0
7832 0
7833 0
7834 0
7835 0
7836 0
7837 0
7838 0
7839 1
7840 1
7841 1
7842 1
7843 1
7844 0
7845 0
7846 0
7847 0
7848 0
7849 0
7850 0
7851 0
7852 0
7853 3
7854 3
7855 0
7856 2
7857 2
7858 6
7859 8
7860 2
7861 6
7862 6
7863 6
7864 3
7865 3
7866 0
7867 0
7868 0
7869 9
7870 3
7871 4
7872 6
7873 6
7874 6
7875 6
7876 0
7877 0
7878 2
7879 2
7880 2
7881 2
7882 2
7883 2
7884 2
7885 3
7886 4
7887 4
7888 4
7889 4
7890 4
7891 0
7892 8
7893 2
7894 2
7895 6
7896 2
7897 2
7898 6
7899 6
7900 0
7901 0
7902 0
7903 0
7904 0
7905 6
7906 6
7907 3
7908 3
7909 3
7910 3
7911 3
7912 3
7913 6
7914 0
7915 0
7916 0
7917 0
7918 0
7919 0
7920 3
7921 3
7922 3
7923 5
7924 2
7925 6
7926 6
7927 6
7928 3
7929 3
7930 3
7931 9
7932 9
7933 5
7934 5
7935 5
7936 5
7937 4
7938 2
7939 2
7940 2
7941 2
7942 2
7943 2
7944 1
7945 5
7946 5
7947 5
7948 5
7949 5
7950 5
7951 5
7952 5
7953 5
7954 5
7955 5
7956 5
7957 5
7958 5
7959 5
7960 5
7961 5
7962 5
7963 5
7964 7
7965 4
7966 4
7967 4
7968 7
7969 5
7970 5
7971 5
7972 5
7973 5
7974 5
7975 5
7976 5
7977 9
7978 9
7979 2
7980 2
7981 2
7982 4
7983 6
7984 0
7985 0
7986 0
7987 0
7988 0
7989 0
7990 0
7991 0
7992 0
7993 0
7994 0
7995 0
7996 0
7997 0
7998 0
7999 0
8000 1
8001 1
8002 1
8003 4
8004 1
8005 1
8006 5
8007 5
8008 6
8009 1
8010 1
8011 1
8012 0
8013 0
8014 0
8015 0
8016 0
8017 0
8018 0
8019 0
8020 0
8021 0
8022 0
8023 6
8024 0
8025 6
8026 9
8027 9
8028 9
8029 7
8030 7
8031 9
8032 7
8033 9
8034 9
8035 9
8036 9
8037 7
8038 1
8039 1
8040 1
8041 1
8042 1
8043 2
8044 9
8045 9
8046 9
8047 9
8048 9
8049 0
8050 6
8051 6
8052 0
8053 0
8054 0
8055 0
8056 3
8057 3
8058 3
8059 0
8060 0
8061 0
8062 0
8063 0
8064 0
8065 0
8066 0
8067 0
8068 0
8069 0
8070 0
8071 1
8072 1
8073 0
8074 0
8075 0
8076 0
8077 0
8078 0
8079 0
8080 2
8081 2
8082 2
8083 2
8084 0
8085 0
8086 0
8087 7
8088 7
8089 7
8090 7
8091 7
8092 7
8093 7
8094 7
8095 7
8096 7
8097 7
8098 0
8099 0
8100 0
8101 0
8102 0
8103 0
8104 0
8105 2
8106 4
8107 4
8108 7
8109 0
8110 0
8111 2
8112 7
8113 7
8114 7
8115 7
8116 7
8117 7
8118 7
8119 7
8120 7
8121 7
8122 3
8123 9
8124 9
8125 1
8126 1
8127 1
8128 1
8129 1
8130 1
8131 0
8132 9
8133 9
8134 9
8135 7
8136 7
8137 4
8138 4
8139 2
8140 2
8141 5
8142 5
8143 5
8144 5
8145 7
8146 7
8147 7
8148 7
8149 7
8150 7
8151 7
8152 7
8153 7
8154 7
8155 7
8156 7
8157 7
8158 7
8159 2
8160 2
8161 2
8162 0
8163 6
8164 6
8165 0
8166 0
8167 0
8168 0
8169 0
8170 0
8171 9
8172 9
8173 2
8174 3
8175 5
8176 5
8177 5
8178 5
8179 5
8180 0
8181 0
8182 0
8183 0
8184 0
8185 2
8186 0
8187 0
8188 0
8189 0
8190 0
8191 5
8192 5
8193 0
8194 0
8195 0
8196 0
8197 0
8198 1
8199 4
8200 4
8201 7
8202 7
8203 1
8204 1
8205 1
8206 4
8207 4
8208 4
8209 6
8210 6
8211 0
8212 0
8213 0
8214 0
8215 5
8216 0
8217 0
8218 0
8219 0
8220 0
8221 0
8222 0
8223 0
8224 0
8225 5
8226 5
8227 5
8228 5
8229 5
8230 5
8231 5
8232 5
8233 5
8234 5
8235 5
8236 5
8237 5
8238 5
8239 5
8240 5
8241 5
8242 5
8243 5
8244 9
8245 9
8246 9
8247 5
8248 3
8249 6
8250 7
8251 7
8252 7
8253 7
8254 7
8255 1
8256 1
8257 1
8258 2
8259 2
8260 7
8261 7
8262 7
8263 7
8264 0
8265 0
8266 0
8267 0
8268 0
8269 0
8270 0
8271 0
8272 0
8273 0
8274 0
8275 0
8276 0
8277 0
8278 6
8279 6
8280 3
8281 3
8282 3
8283 0
8284 0
8285 0
8286 0
8287 0
8288 0
8289 0
8290 0
8291 4
8292 4
8293 4
8294 4
8295 4
8296 0
8297 6
8298 6
8299 6
8300 5
8301 0
8302 0
8303 0
8304 0
8305 0
8306 0
8307 9
8308 9
8309 9
8310 9
8311 0
8312 0
8313 0
8314 0
8315 0
8316 0
8317 0
8318 0
8319 0
8320 6
8321 9
8322 9
8323 9
8324 1
8325 1
8326 1
8327 1
8328 1
8329 1
8330 4
8331 2
8332 2
8333 2
8334 2
8335 2
8336 2
8337 2
8338 9
8339 6
8340 6
8341 2
8342 6
8343 6
8344 1
8345 1
8346 1
8347 2
8348 2
8349 0
8350 3
8351 3
8352 3
8353 3
8354 3
8355 3
8356 3
8357 3
8358 3
8359 3
8360 3
8361 3
8362 3
8363 3
8364 3
8365 3
8366 3
8367 3
8368 3
8369 3
8370 3
8371 3
8372 4
8373 4
8374 4
8375 4
8376 0
8377 0
8378 0
8379 0
8380 0
8381 0
8382 0
8383 0
8384 0
8385 4
8386 4
8387 4
8388 4
8389 4
8390 4
8391 5
8392 5
8393 5
8394 5
8395 5
8396 5
8397 1
8398 1
8399 1
8400 1
8401 1
8402 7
8403 3
8404 3
8405 2
8406 2
8407 2
8408 2
8409 2
8410 6
8411 6
8412 6
8413 3
8414 2
8415 2
8416 2
8417 9
8418 9
8419 1
8420 1
8421 5
8422 5
8423 2
8424 2
8425 3
8426 3
8427 6
8428 6
8429 9
8430 7
8431 7
8432 7
8433 7
8434 7
8435 7
8436 7
8437 7
8438 4
8439 4
8440 4
8441 6
8442 3
8443 3
8444 3
8445 6
8446 6
8447 6
8448 0
8449 0
8450 0
8451 9
8452 9
8453 9
8454 9
8455 9
8456 1
8457 8
8458 1
8459 1
8460 9
8461 9
8462 9
8463 9
8464 9
8465 4
8466 4
8467 4
8468 2
8469 2
8470 2
8471 1
8472 1
8473 1
8474 1
8475 0
8476 3
8477 7
8478 7
8479 7
8480 7
8481 7
8482 4
8483 4
8484 4
8485 4
8486 9
8487 9
8488 9
8489 9
8490 9
8491 1
8492 1
8493 1
8494 1
8495 1
8496 1
8497 1
8498 1
8499 1
8500 1
8501 1
8502 1
8503 1
8504 1
8505 1
8506 1
8507 1
8508 9
8509 9
8510 9
8511 0
8512 0
8513 0
8514 3
8515 3
8516 3
8517 4
8518 2
8519 1
8520 1
8521 1
8522 1
8523 1
8524 1
8525 1
8526 1
8527 1
8528 2
8529 3
8530 3
8531 3
8532 3
8533 3
8534 3
8535 3
8536 3
8537 3
8538 3
8539 3
8540 3
8541 2
8542 6
8543 5
8544 5
8545 5
8546 5
8547 5
8548 4
8549 4
8550 4
8551 4
8552 4
8553 4
8554 4
8555 4
8556 3
8557 3
8558 3
8559 3
8560 3
8561 3
8562 9
8563 9
8564 9
8565 9
8566 1
8567 1
8568 1
8569 1
8570 1
8571 1
8572 1
8573 1
8574 1
8575 6
8576 6
8577 7
8578 0
8579 0
8580 0
8581 0
8582 0
8583 1
8584 1
8585 1
8586 1
8587 1
8588 2
8589 5
8590 5
8591 5
8592 5
8593 2
8594 2
8595 2
8596 2
8597 8
8598 8
8599 3
8600 3
8601 6
8602 0
8603 6
8604 2
8605 2
8606 0
8607 0
8608 0
8609 0
8610 0
8611 1
8612 1
8613 9
8614 1
8615 1
8616 4
8617 2
8618 2
8619 4
8620 4
8621 1
8622 6
8623 6
8624 1
8625 1
8626 1
8627 1
8628 1
8629 1
8630 1
8631 1
8632 1
8633 1
8634 4
8635 0
8636 0
8637 6
8638 3
8639 3
8640 3
8641 3
8642 7
8643 7
8644 7
8645 7
8646 7
8647 2
8648 1
8649 1
8650 1
8651 7
8652 1
8653 5
8654 5
8655 5
8656 5
8657 7
8658 7
8659 7
8660 7
8661 7
8662 7
8663 7
8664 2
8665 2
8666 2
8667 2
8668 0
8669 0
8670 2
8671 3
8672 2
8673 2
8674 2
8675 6
8676 6
8677 6
8678 4
8679 4
8680 6
8681 6
8682 6
8683 5
8684 5
8685 9
8686 2
8687 5
8688 5
8689 5
8690 5
8691 5
8692 5
8693 6
8694 6
8695 6
8696 1
8697 1
8698 1
8699 1
8700 1
8701 1
8702 1
8703 1
8704 1
8705 1
8706 1
8707 1
8708 2
8709 2
8710 2
8711 4
8712 4
8713 4
8714 6
8715 6
8716 7
8717 7
8718 9
8719 9
8720 2
8721 2
8722 1
8723 7
8724 7
8725 7
8726 7
8727 7
8728 7
8729 7
8730 4
8731 9
8732 9
8733 1
8734 6
8735 6
8736 6
8737 7
8738 7
8739 7
8740 7
8741 9
8742 9
8743 1
8744 1
8745 1
8746 4
8747 4
8748 4
8749 4
8750 9
8751 9
8752 9
8753 1
8754 1
8755 0
8756 0
8757 0
8758 0
8759 0
8760 0
8761 9
8762 0
8763 1
8764 1
8765 1
8766 1
8767 9
8768 2
8769 5
8770 5
8771 1
8772 1
8773 1
8774 2
8775 2
8776 1
8777 1
8778 3
8779 3
8780 2
8781 5
8782 5
8783 5
8784 5
8785 5
8786 5
8787 2
8788 2
8789 1
8790 9
8791 9
8792 9
8793 6
8794 0
8795 2
8796 9
8797 4
8798 4
8799 4
8800 4
8801 4
8802 9
8803 9
8804 3
8805 3
8806 2
8807 2
8808 2
8809 5
8810 5
8811 4
8812 4
8813 4
8814 4
8815 4
8816 4
8817 4
8818 9
8819 9
8820 9
8821 4
8822 4
8823 2
8824 5
8825 5
8826 5
8827 6
8828 6
8829 6
8830 6
8831 6
8832 6
8833 6
8834 1
8835 2
8836 2
8837 5
8838 9
8839 1
8840 1
8841 2
8842 2
8843 2
8844 2
8845 2
8846 5
8847 5
8848 5
8849 3
8850 3
8851 3
8852 3
8853 3
8854 5
8855 5
8856 5
8857 5
8858 5
8859 5
8860 5
8861 2
8862 7
8863 3
8864 9
8865 9
8866 9
8867 9
8868 2
8869 5
8870 5
8871 2
8872 2
8873 7
8874 2
8875 2
8876 0
8877 0
8878 2
8879 2
8880 9
8881 9
8882 5
8883 5
8884 5
8885 5
8886 0
8887 0
8888 0
8889 0
8890 4
8891 0
8892 0
8893 0
8894 0
8895 1
8896 1
8897 1
8898 1
8899 1
8900 1
8901 1
8902 7
8903 6
8904 5
8905 5
8906 5
8907 5
8908 5
8909 5
8910 5
8911 5
8912 5
8913 5
8914 5
8915 5
8916 5
8917 5
8918 5
8919 5
8920 5
8921 5
8922 5
8923 6
8924 2
8925 2
8926 2
8927 2
8928 0
8929 0
8930 0
8931 1
8932 1
8933 2
8934 2
8935 2
8936 2
8937 2
8938 2
8939 2
8940 2
8941 2
8942 6
8943 0
8944 0
8945 0
8946 0
8947 0
8948 0
8949 0
8950 0
8951 0
8952 0
8953 0
8954 0
8955 0
8956 0
8957 0
8958 9
8959 9
8960 9
8961 9
8962 9
8963 9
8964 1
8965 1
8966 1
8967 1
8968 0
8969 0
8970 0
8971 0
8972 5
8973 5
8974 5
8975 5
8976 5
8977 5
8978 5
8979 5
8980 5
8981 5
8982 5
8983 5
8984 6
8985 0
8986 6
8987 6
8988 6
8989 6
8990 6
8991 6
8992 6
8993 5
8994 5
8995 5
8996 5
8997 2
8998 2
8999 2
9000 0
9001 0
9002 4
9003 4
9004 0
9005 0
9006 0
9007 2
9008 1
9009 2
9010 2
9011 2
9012 2
9013 2
9014 5
9015 5
9016 5
9017 5
9018 5
9019 5
9020 5
9021 3
9022 9
9023 9
9024 9
9025 9
9026 9
9027 5
9028 5
9029 5
9030 5
9031 5
9032 5
9033 5
9034 5
9035 5
9036 5
9037 5
9038 5
9039 5
9040 5
9041 3
9042 9
9043 9
9044 9
9045 9
9046 9
9047 9
9048 0
9049 9
9050 9
9051 9
9052 0
9053 0
9054 0
9055 0
9056 0
9057 0
9058 0
9059 0
9060 3
9061 5
9062 5
9063 5
9064 5
9065 5
9066 5
9067 3
9068 3
9069 3
9070 3
9071 3
9072 3
9073 1
9074 1
9075 1
9076 3
9077 3
9078 3
9079 3
9080 0
9081 0
9082 6
9083 5
9084 0
9085 1
9086 1
9087 1
9088 1
9089 1
9090 1
9091 5
9092 5
9093 1
9094 9
9095 2
9096 5
9097 5
9098 3
9099 3
9100 3
9101 3
9102 1
9103 1
9104 1
9105 5
9106 5
9107 5
9108 5
9109 5
9110 5
9111 5
9112 5
9113 5
9114 5
9115 5
9116 5
9117 5
9118 5
9119 5
9120 2
9121 2
9122 2
9123 2
9124 2
9125 2
9126 2
9127 2
9128 2
9129 2
9130 2
9131 2
9132 2
9133 2
9134 5
9135 5
9136 6
9137 6
9138 0
9139 0
9140 0
9141 0
9142 0
9143 0
9144 0
9145 0
9146 0
9147 0
9148 0
9149 0
9150 0
9151 0
9152 0
9153 0
9154 0
9155 0
9156 0
9157 0
9158 0
9159 0
9160 0
9161 0
9162 0
9163 0
9164 0
9165 0
9166 0
9167 0
9168 1
9169 2
9170 5
9171 5
9172 5
9173 2
9174 2
9175 0
9176 6
9177 0
9178 4
9179 4
9180 4
9181 1
9182 1
9183 1
9184 9
9185 9
9186 9
9187 5
9188 5
9189 5
9190 5
9191 5
9192 5
9193 2
9194 9
9195 9
9196 9
9197 9
9198 9
9199 9
9200 9
9201 5
9202 5
9203 0
9204 0
9205 9
9206 5
9207 5
9208 0
9209 0
9210 0
9211 0
9212 0
9213 0
9214 3
9215 9
9216 9
9217 9
9218 9
9219 2
9220 2
9221 2
9222 1
9223 1
9224 2
9225 2
9226 2
9227 3
9228 3
9229 3
9230 3
9231 3
9232 5
9233 5
9234 3
9235 3
9236 3
9237 5
9238 5
9239 5
9240 5
9241 5
9242 5
9243 5
9244 5
9245 5
9246 5
9247 5
9248 3
9249 5
9250 5
9251 0
9252 5
9253 5
9254 5
9255 5
9256 5
9257 5
9258 5
9259 5
9260 5
9261 5
9262 5
9263 5
9264 4
9265 4
9266 4
9267 4
9268 9
9269 9
9270 9
9271 7
9272 7
9273 2
9274 2
9275 9
9276 9
9277 0
9278 7
9279 7
9280 7
9281 7
9282 1
9283 7
9284 7
9285 7
9286 5
9287 5
9288 3
9289 3
9290 3
9291 3
9292 3
9293 3
9294 3
9295 3
9296 3
9297 3
9298 3
9299 5
9300 5
9301 5
9302 5
9303 5
9304 5
9305 5
9306 5
9307 5
9308 5
9309 5
9310 5
9311 5
9312 5
9313 6
9314 2
9315 5
9316 5
9317 5
9318 5
9319 9
9320 6
9321 0
9322 0
9323 0
9324 0
9325 0
9326 0
9327 6
9328 9
9329 1
9330 1
9331 3
9332 3
9333 3
9334 3
9335 3
9336 3
9337 4
9338 4
9339 4
9340 8
9341 8
9342 3
9343 3
9344 3
9345 5
9346 5
9347 5
9348 5
9349 0
9350 0
9351 0
9352 0
9353 0
9354 0
9355 0
9356 0
9357 0
9358 0
9359 0
9360 0
9361 0
9362 0
9363 0
9364 0
9365 0
9366 5
9367 5
9368 5
9369 5
9370 4
9371 9
9372 5
9373 5
9374 5
9375 5
9376 9
9377 9
9378 5
9379 5
9380 5
9381 6
9382 6
9383 2
9384 2
9385 2
9386 2
9387 2
9388 2
9389 2
9390 2
9391 4
9392 4
9393 4
9394 4
9395 5
9396 5
9397 5
9398 5
9399 5
9400 5
9401 5
9402 5
9403 0
9404 1
9405 1
9406 0
9407 5
9408 5
9409 5
9410 5
9411 5
9412 5
9413 5
9414 5
9415 5
9416 5
9417 5
9418 0
9419 0
9420 0
9421 1
9422 5
9423 5
9424 3
9425 3
9426 3
9427 3
9428 3
9429 3
9430 0
9431 0
9432 2
9433 2
9434 2
9435 2
9436 0
9437 0
9438 0
9439 0
9440 0
9441 0
9442 0
9443 0
9444 0
9445 0
9446 0
9447 0
9448 0
9449 0
9450 0
9451 0
9452 0
9453 4
9454 4
9455 9
9456 9
9457 9
9458 9
9459 6
9460 6
9461 6
9462 5
9463 5
9464 5
9465 6
9466 6
9467 5
9468 5
9469 5
9470 5
9471 3
9472 3
9473 3
9474 3
9475 3
9476 3
9477 3
9478 3
9479 3
9480 5
9481 5
9482 5
9483 5
9484 5
9485 5
9486 5
9487 5
9488 5
9489 5
9490 5
9491 5
9492 5
9493 5
9494 5
9495 5
9496 5
9497 2
9498 0
9499 0
9500 0
9501 0
9502 2
9503 0
9504 0
9505 0
9506 0
9507 0
9508 1
9509 1
9510 1
9511 1
9512 1
9513 1
9514 1
9515 1
9516 1
9517 1
9518 1
9519 1
9520 6
9521 6
9522 9
9523 6
9524 5
9525 5
9526 5
9527 3
9528 2
9529 2
9530 2
9531 2
9532 9
9533 7
9534 7
9535 2
9536 3
9537 8
9538 0
9539 0
9540 0
9541 0
9542 0
9543 0
9544 0
9545 0
9546 1
9547 1
9548 2
9549 2
9550 3
9551 3
9552 2
9553 2
9554 5
9555 9
9556 8
9557 1
9558 0
9559 2
9560 2
9561 2
9562 6
9563 2
9564 6
9565 6
9566 6
9567 5
9568 5
9569 9
9570 9
9571 9
9572 6
9573 1
9574 9
9575 9
9576 9
9577 0
9578 0
9579 0
9580 1
9581 1
9582 1
9583 1
9584 1
9585 1
9586 1
9587 1
9588 1
9589 1
9590 2
9591 2
9592 2
9593 2
9594 2
9595 2
9596 0
9597 2
9598 3
9599 3
9600 3
9601 3
9602 3
9603 3
9604 3
9605 3
9606 3
9607 2
9608 2
9609 4
9610 4
9611 1
9612 1
9613 1
9614 1
9615 0
9616 0
9617 0
9618 0
9619 0
9620 1
9621 3
9622 3
9623 3
9624 1
9625 1
9626 1
9627 1
9628 1
9629 1
9630 1
9631 4
9632 0
9633 0
9634 0
9635 0
9636 5
9637 5
9638 5
9639 5
9640 5
9641 1
9642 1
9643 9
9644 9
9645 9
9646 7
9647 7
9648 7
9649 5
9650 9
9651 1
9652 1
9653 1
9654 1
9655 1
9656 5
9657 2
9658 0
9659 0
9660 0
9661 4
9662 2
9663 7
9664 7
9665 9
9666 0
9667 0
9668 0
9669 0
9670 0
9671 9
9672 1
9673 1
9674 1
9675 1
9676 2
9677 2
9678 0
9679 7
9680 7
9681 7
9682 1
9683 1
9684 1
9685 7
9686 9
9687 5
9688 5
9689 5
9690 1
9691 2
9692 0
9693 0
9694 2
9695 2
9696 2
9697 2
9698 5
9699 5
9700 5
9701 5
9702 5
9703 0
9704 3
9705 3
9706 1
9707 1
9708 1
9709 1
9710 1
9711 2
9712 2
9713 2
9714 2
9715 2
9716 2
9717 1
9718 1
9719 5
9720 5
9721 5
9722 5
9723 2
9724 2
9725 2
9726 5
9727 5
9728 5
9729 0
9730 0
9731 0
9732 0
9733 1
9734 5
9735 6
9736 3
9737 3
9738 3
9739 3
9740 3
9741 3
9742 3
9743 3
9744 3
9745 9
9746 1
9747 5
9748 5
9749 5
9750 5
9751 5
9752 7
9753 7
9754 7
9755 7
9756 9
9757 9
9758 9
9759 0
9760 0
9761 0
9762 0
9763 0
9764 0
9765 7
9766 2
9767 7
9768 1
9769 1
9770 1
9771 1
9772 1
9773 9
9774 7
9775 7
9776 4
9777 4
9778 4
9779 4
9780 4
9781 1
9782 1
9783 1
9784 0
9785 0
9786 0
9787 0
9788 0
9789 0
9790 0
9791 0
9792 0
9793 0
9794 0
9795 0
9796 0
9797 0
9798 0
9799 0
9800 0
9801 0
9802 0
9803 0
9804 0
9805 0
9806 0
9807 0
9808 7
9809 7
9810 7
9811 8
9812 5
9813 5
9814 5
9815 1
9816 7
9817 7
9818 2
9819 7
9820 7
9821 7
9822 1
9823 1
9824 1
9825 7
9826 7
9827 7
9828 7
9829 7
9830 7
9831 7
9832 7
9833 7
9834 7
9835 7
9836 7
9837 7
9838 1
9839 7
9840 7
9841 7
9842 7
9843 1
9844 7
9845 7
9846 1
9847 1
9848 1
9849 7
9850 7
9851 7
9852 7
9853 1
9854 7
9855 7
9856 7
9857 1
9858 1
9859 1
9860 1
9861 7
9862 1
9863 7
9864 1
9865 7
9866 7
9867 1
9868 1
9869 1
9870 7
9871 7
9872 1
9873 1
9874 9
9875 9
9876 3
9877 3
9878 1
9879 1
9880 1
9881 1
9882 1
9883 1
9884 1
9885 1
9886 0
9887 0
9888 0
9889 0
9890 0
9891 0
9892 5
9893 0
9894 0
9895 1
9896 1
9897 0
9898 0
9899 0
9900 1
9901 9
9902 9
9903 4
9904 2
9905 4
9906 2
9907 2
9908 7
9909 1
9910 1
9911 1
9912 2
9913 0
9914 6
9915 2
9916 2
9917 6
9918 6
9919 0
9920 5
9921 5
9922 0
9923 0
9924 0
9925 0
9926 0
9927 0
9928 0
9929 0
9930 0
9931 7
9932 2
9933 5
9934 4
9935 4
9936 4
9937 9
9938 4
9939 4
9940 4
9941 9
9942 5
9943 0
9944 0
9945 0
9946 0
9947 0
9948 0
9949 0
9950 0
9951 0
9952 0
9953 0
9954 0
9955 0
9956 0
9957 5
9958 5
9959 5
9960 3
9961 5
9962 5
9963 5
9964 5
9965 5
9966 5
9967 5
9968 5
9969 9
9970 0
9971 0
9972 0
9973 0
9974 0
9975 0
9976 6
9977 2
9978 2
9979 5
9980 5
9981 5
9982 5
9983 5
9984 5
9985 5
9986 5
9987 5
9988 5
9989 5
9990 5
9991 5
9992 5
9993 2
9994 7
9995 7
9996 7
9997 9
9998 7
9999 2
10000 7
10001 7
10002 7
10003 7
10004 7
10005 6
10006 6
10007 0
10008 6
10009 1
10010 7
10011 7
10012 7
10013 7
10014 7
10015 1
10016 1
10017 2
10018 2
10019 4
10020 4
10021 6
10022 5
10023 5
10024 5
10025 5
10026 8
10027 3
10028 3
10029 3
10030 3
10031 5
10032 5
10033 5
10034 5
10035 5
10036 5
10037 5
10038 5
10039 5
10040 5
10041 5
10042 3
10043 3
10044 3
10045 3
10046 3
10047 3
10048 3
10049 3
10050 3
10051 3
10052 3
10053 3
10054 9
10055 9
10056 7
10057 7
10058 7
10059 7
10060 7
10061 7
10062 7
10063 7
10064 7
10065 7
10066 9
10067 9
10068 7
10069 7
10070 7
10071 7
10072 2
10073 2
10074 2
10075 2
10076 2
10077 7
10078 7
10079 7
10080 9
10081 9
10082 9
10083 3
10084 2
10085 2
10086 2
10087 6
10088 6
10089 0
10090 0
10091 0
10092 0
10093 0
10094 0
10095 6
10096 4
10097 4
10098 4
10099 4
10100 4
10101 4
10102 4
10103 4
10104 4
10105 4
10106 4
10107 4
10108 9
10109 1
10110 9
10111 9
10112 1
10113 1
10114 1
10115 1
10116 2
10117 4
10118 3
10119 0
10120 0
10121 2
10122 2
10123 2
10124 2
10125 5
10126 5
10127 5
10128 5
10129 5
10130 5
10131 5
10132 5
10133 7
10134 7
10135 0
10136 0
10137 0
10138 0
10139 0
10140 0
10141 1
10142 5
10143 3
10144 7
10145 7
10146 7
10147 7
10148 5
10149 3
10150 5
10151 5
10152 5
10153 5
10154 5
10155 5
10156 5
10157 5
10158 5
10159 5
10160 5
10161 5
10162 6
10163 6
10164 1
10165 1
10166 1
10167 1
10168 1
10169 1
10170 1
10171 1
10172 1
10173 1
10174 1
10175 1
10176 1
10177 5
10178 5
10179 2
10180 2
10181 2
10182 7
10183 7
10184 7
10185 7
10186 7
10187 7
10188 7
10189 0
10190 6
10191 2
10192 2
10193 5
10194 5
10195 5
10196 5
10197 9
10198 1
10199 5
10200 5
10201 5
10202 5
10203 1
10204 1
10205 1
10206 9
10207 0
10208 2
10209 2
10210 2
10211 2
10212 2
10213 9
10214 1
10215 1
10216 1
10217 1
10218 1
10219 7
10220 7
10221 4
10222 4
10223 5
10224 1
10225 1
10226 1
10227 1
10228 1
10229 0
10230 0
10231 0
10232 0
10233 0
10234 0
10235 0
10236 0
10237 0
10238 0
10239 0
10240 0
10241 0
10242 6
10243 1
10244 1
10245 1
10246 1
10247 1
10248 1
10249 4
10250 2
10251 2
10252 2
10253 2
10254 2
10255 4
10256 4
10257 9
10258 9
10259 7
10260 7
10261 7
10262 9
10263 9
10264 9
10265 9
10266 9
10267 1
10268 1
10269 3
10270 3
10271 3
10272 1
10273 2
10274 2
10275 1
10276 5
10277 1
10278 5
10279 5
10280 4
10281 4
10282 4
10283 6
10284 0
10285 0
10286 0
10287 0
10288 9
10289 5
10290 5
10291 9
10292 9
10293 9
10294 9
10295 9
10296 7
10297 7
10298 7
10299 7
10300 7
10301 6
10302 3
10303 4
10304 5
10305 5
10306 3
10307 3
10308 6
10309 5
10310 5
10311 5
10312 5
10313 5
10314 5
10315 5
10316 5
10317 5
10318 5
10319 5
10320 2
10321 2
10322 2
10323 4
10324 5
10325 0
10326 0
10327 0
10328 0
10329 0
10330 0
10331 0
10332 0
10333 0
10334 0
10335 0
10336 0
10337 5
10338 4
10339 4
10340 4
10341 4
10342 4
10343 4
10344 4
10345 2
10346 2
10347 2
10348 2
10349 2
10350 2
10351 0
10352 0
10353 3
10354 3
10355 3
10356 3
10357 7
10358 7
10359 7
10360 7
10361 5
10362 5
10363 5
10364 5
10365 5
10366 1
10367 1
10368 1
10369 1
10370 1
10371 1
10372 1
10373 1
10374 1
10375 1
10376 3
10377 3
10378 3
10379 3
10380 4
10381 2
10382 2
10383 0
10384 0
10385 0
10386 0
10387 2
10388 2
10389 2
10390 2
10391 1
10392 2
10393 4
10394 4
10395 4
10396 1
10397 1
10398 1
10399 6
10400 5
10401 5
10402 5
10403 5
10404 4
10405 0
10406 0
10407 9
10408 9
10409 9
10410 9
10411 9
10412 9
10413 9
10414 5
10415 7
10416 7
10417 1
10418 1
10419 1
10420 1
10421 9
10422 9
10423 0
10424 5
10425 3
10426 0
10427 1
10428 4
10429 2
10430 0
10431 0
10432 9
10433 9
10434 9
10435 9
10436 9
10437 9
10438 9
10439 9
10440 6
10441 6
10442 5
10443 5
10444 5
10445 5
10446 1
10447 1
10448 1
10449 1
10450 1
10451 6
10452 9
10453 9
10454 9
10455 9
10456 9
10457 9
10458 9
10459 9
10460 9
10461 9
10462 9
10463 3
10464 3
10465 3
10466 3
10467 3
10468 3
10469 0
10470 0
10471 0
10472 5
10473 5
10474 5
10475 5
10476 6
10477 0
10478 0
10479 0
10480 1
10481 1
10482 1
10483 2
10484 2
10485 2
10486 1
10487 1
10488 1
10489 1
10490 1
10491 1
10492 1
10493 1
10494 1
10495 1
10496 2
10497 6
10498 9
10499 2
10500 5
10501 5
10502 7
10503 7
10504 7
10505 1
10506 6
10507 7
10508 7
10509 9
10510 5
10511 5
10512 5
10513 4
10514 0
10515 0
10516 0
10517 0
10518 1
10519 9
10520 9
10521 9
10522 6
10523 6
10524 4
10525 4
10526 4
10527 4
10528 4
10529 4
10530 6
10531 6
10532 3
10533 1
10534 1
10535 1
10536 1
10537 1
10538 1
10539 1
10540 1
10541 1
10542 1
10543 1
10544 1
10545 1
10546 1
10547 1
10548 1
10549 1
10550 1
10551 4
10552 4
10553 9
10554 9
10555 9
10556 9
10557 9
10558 9
10559 9
10560 3
10561 3
10562 3
10563 3
10564 9
10565 9
10566 9
10567 9
10568 9
10569 9
10570 9
10571 2
10572 7
10573 7
10574 7
10575 7
10576 7
10577 7
10578 7
10579 7
10580 7
10581 7
10582 2
10583 3
10584 3
10585 5
10586 9
10587 9
10588 9
10589 9
10590 9
10591 9
10592 9
10593 9
10594 9
10595 2
10596 1
10597 1
10598 1
10599 3
10600 3
10601 9
10602 9
10603 1
10604 1
10605 6
10606 5
10607 5
10608 1
10609 1
10610 1
10611 0
10612 0
10613 0
10614 0
10615 0
10616 0
10617 0
10618 0
10619 3
10620 3
10621 7
10622 7
10623 2
10624 9
10625 9
10626 9
10627 9
10628 3
10629 0
10630 0
10631 0
10632 0
10633 6
10634 5
10635 5
10636 5
10637 5
10638 2
10639 0
10640 0
10641 0
10642 5
10643 5
10644 5
10645 5
10646 5
10647 5
10648 5
10649 3
10650 3
10651 5
10652 5
10653 5
10654 9
10655 4
10656 4
10657 3
10658 3
10659 3
10660 3
10661 3
10662 3
10663 3
10664 3
10665 3
10666 4
10667 5
10668 0
10669 0
10670 0
10671 0
10672 9
10673 9
10674 9
10675 9
10676 9
10677 9
10678 5
10679 5
10680 5
10681 5
10682 1
10683 4
10684 4
10685 9
10686 3
10687 3
10688 3
10689 5
10690 5
10691 5
10692 1
10693 1
10694 5
10695 5
10696 9
10697 9
10698 9
10699 6
10700 9
10701 9
10702 9
10703 9
10704 1
10705 1
10706 1
10707 4
10708 4
10709 2
10710 5
10711 5
10712 1
10713 1
10714 1
10715 9
10716 9
10717 1
10718 1
10719 1
10720 7
10721 7
10722 6
10723 6
10724 0
10725 6
10726 9
10727 1
10728 7
10729 7
10730 4
10731 0
10732 0
10733 0
10734 4
10735 4
10736 4
10737 4
10738 4
10739 4
10740 6
10741 7
10742 7
10743 7
10744 5
10745 5
10746 5
10747 5
10748 5
10749 5
10750 5
10751 5
10752 5
10753 5
10754 5
10755 1
10756 1
10757 1
10758 1
10759 1
10760 1
10761 1
10762 1
10763 1
10764 1
10765 1
10766 1
10767 7
10768 7
10769 7
10770 7
10771 7
10772 7
10773 1
10774 1
10775 1
10776 1
10777 1
10778 1
10779 1
10780 1
10781 1
10782 1
10783 1
10784 1
10785 1
10786 1
10787 1
10788 0
10789 1
10790 1
10791 1
10792 3
10793 3
10794 3
10795 0
10796 3
10797 5
10798 5
10799 5
10800 5
10801 4
10802 7
10803 7
10804 7
10805 7
10806 1
10807 1
10808 1
10809 1
10810 1
10811 3
10812 3
10813 0
10814 0
10815 0
10816 3
10817 3
10818 3
10819 3
10820 6
10821 5
10822 5
10823 5
10824 3
10825 3
10826 3
10827 3
10828 3
10829 3
10830 5
10831 1
10832 1
10833 1
10834 0
10835 0
10836 0
10837 0
10838 0
10839 1
10840 1
10841 1
10842 1
10843 1
10844 1
10845 1
10846 1
10847 1
10848 1
10849 1
10850 5
10851 5
10852 5
10853 5
10854 2
10855 2
10856 6
10857 5
10858 5
10859 5
10860 5
10861 5
10862 5
10863 5
10864 5
10865 5
10866 0
10867 0
10868 9
10869 9
10870 9
10871 9
10872 9
10873 9
10874 9
10875 9
10876 9
10877 2
10878 2
10879 7
10880 7
10881 7
10882 7
10883 1
10884 9
10885 1
10886 1
10887 7
10888 7
10889 1
10890 3
10891 9
10892 1
10893 9
10894 1
10895 9
10896 9
10897 9
10898 9
10899 9
10900 9
10901 9
10902 9
10903 9
10904 9
10905 9
10906 9
10907 1
10908 1
10909 3
10910 3
10911 1
10912 1
10913 0
10914 0
10915 1
10916 1
10917 1
10918 1
10919 1
10920 1
10921 1
10922 2
10923 2
10924 2
10925 2
10926 2
10927 2
10928 5
10929 5
10930 5
10931 1
10932 2
10933 2
10934 2
10935 5
10936 5
10937 7
10938 7
10939 2
10940 1
10941 1
10942 1
10943 7
10944 7
10945 7
10946 7
10947 7
10948 7
10949 7
10950 7
10951 7
10952 7
10953 7
10954 7
10955 7
10956 7
10957 7
10958 7
10959 9
10960 9
10961 9
10962 9
10963 9
10964 9
10965 9
10966 9
10967 9
10968 9
10969 9
10970 9
10971 1
10972 1
10973 0
10974 2
10975 1
10976 2
10977 2
10978 5
10979 1
10980 1
10981 9
10982 5
10983 1
10984 7
10985 7
10986 7
10987 7
10988 4
10989 4
10990 4
10991 4
10992 4
10993 2
10994 2
10995 0
10996 9
10997 5
10998 5
10999 5
11000 1
11001 0
11002 5
11003 5
11004 5
11005 3
11006 7
11007 7
11008 0
11009 9
11010 9
11011 9
11012 9
11013 9
11014 1
11015 1
11016 7
11017 7
11018 7
11019 7
11020 7
11021 7
11022 7
11023 7
11024 7
11025 1
11026 7
11027 7
11028 1
11029 1
11030 1
11031 3
11032 6
11033 0
11034 0
11035 0
11036 0
11037 0
11038 0
11039 0
11040 0
11041 0
11042 0
11043 4
11044 4
11045 4
11046 4
11047 4
11048 4
11049 6
11050 4
11051 4
11052 5
11053 5
11054 9
11055 9
11056 9
11057 1
11058 1
11059 1
11060 9
11061 6
11062 2
11063 0
11064 0
11065 7
11066 1
11067 3
11068 3
11069 6
11070 0
11071 0
11072 0
11073 7
11074 7
11075 7
11076 7
11077 2
11078 2
11079 5
11080 5
11081 5
11082 5
11083 2
11084 2
11085 2
11086 1
11087 1
11088 7
11089 7
11090 6
11091 0
11092 0
11093 0
11094 7
11095 7
11096 9
11097 9
11098 9
11099 9
11100 0
11101 0
11102 0
11103 0
11104 5
11105 6
11106 6
11107 5
11108 2
11109 2
11110 1
11111 2
11112 6
11113 1
11114 1
11115 5
11116 5
11117 1
11118 0
11119 7
11120 9
11121 0
11122 0
11123 0
11124 5
11125 5
11126 5
11127 5
11128 1
11129 1
11130 2
11131 2
11132 2
11133 2
11134 2
11135 2
11136 2
11137 7
11138 2
11139 6
11140 6
11141 7
11142 7
11143 7
11144 7
11145 2
11146 3
11147 3
11148 6
11149 6
11150 2
11151 0
11152 0
11153 0
11154 0
11155 6
11156 7
11157 5
11158 5
11159 4
11160 9
11161 9
11162 9
11163 9
11164 9
11165 9
11166 9
11167 9
11168 9
11169 9
11170 9
11171 9
11172 9
11173 7
11174 5
11175 5
11176 2
11177 2
11178 2
11179 2
11180 6
11181 6
11182 7
11183 7
11184 8
11185 2
11186 9
11187 9
11188 7
11189 7
11190 7
11191 4
11192 4
11193 2
11194 9
11195 1
11196 1
11197 1
11198 1
11199 9
11200 9
11201 0
11202 9
11203 9
11204 9
11205 9
11206 9
11207 9
11208 7
11209 7
11210 7
11211 7
11212 7
11213 7
11214 7
11215 7
11216 2
11217 9
11218 2
11219 2
11220 2
11221 2
11222 2
11223 2
11224 2
11225 2
11226 3
11227 3
11228 3
11229 3
11230 0
11231 0
11232 0
11233 0
11234 6
11235 0
11236 0
11237 0
11238 0
11239 4
11240 1
11241 1
11242 9
11243 9
11244 9
11245 9
11246 0
11247 0
11248 4
11249 4
11250 4
11251 1
11252 1
11253 1
11254 1
11255 7
11256 7
11257 2
11258 7
11259 7
11260 7
11261 7
11262 3
11263 3
11264 3
11265 0
11266 0
11267 0
11268 2
11269 4
11270 4
11271 9
11272 9
11273 9
11274 9
11275 9
11276 9
11277 2
11278 3
11279 3
11280 0
11281 0
11282 9
11283 9
11284 9
11285 9
11286 9
11287 3
11288 2
11289 2
11290 7
11291 7
11292 7
11293 7
11294 7
11295 7
11296 7
11297 7
11298 0
11299 0
11300 0
11301 0
11302 0
11303 0
11304 7
11305 0
11306 1
11307 1
11308 1
11309 1
11310 0
11311 0
11312 0
11313 2
11314 1
11315 1
11316 1
11317 1
11318 6
11319 3
11320 3
11321 3
11322 3
11323 3
11324 7
11325 7
11326 7
11327 7
11328 7
11329 7
11330 5
11331 5
11332 1
11333 7
11334 7
11335 7
11336 7
11337 7
11338 1
11339 1
11340 7
11341 7
11342 7
11343 7
11344 7
11345 7
11346 7
11347 3
11348 3
11349 1
11350 1
11351 0
11352 0
11353 0
11354 0
11355 0
11356 0
11357 0
11358 0
11359 0
11360 0
11361 0
11362 0
11363 0
11364 0
11365 0
11366 0
11367 9
11368 7
11369 7
11370 7
11371 7
11372 5
11373 2
11374 0
11375 5
11376 5
11377 5
11378 9
11379 9
11380 9
11381 9
11382 9
11383 6
11384 0
11385 0
11386 0
11387 1
11388 1
11389 5
11390 1
11391 1
11392 2
11393 5
11394 1
11395 1
11396 1
11397 1
11398 6
11399 6
11400 9
11401 9
11402 1
11403 1
11404 1
11405 1
11406 7
11407 7
11408 5
11409 5
11410 5
11411 5
11412 5
11413 5
11414 0
11415 9
11416 9
11417 2
11418 1
11419 1
11420 1
11421 1
11422 1
11423 1
11424 4
11425 4
11426 2
11427 2
11428 0
11429 0
11430 0
11431 0
11432 7
11433 7
11434 7
11435 5
11436 5
11437 5
11438 5
11439 5
11440 5
11441 5
11442 5
11443 5
11444 5
11445 5
11446 7
11447 7
11448 7
11449 7
11450 9
11451 9
11452 9
11453 9
11454 2
11455 2
11456 2
11457 1
11458 1
11459 9
11460 9
11461 1
11462 6
11463 7
11464 9
11465 9
11466 9
11467 9
11468 9
11469 9
11470 0
11471 0
11472 0
11473 0
11474 0
11475 0
11476 0
11477 1
11478 1
11479 1
11480 0
11481 4
11482 4
11483 4
11484 4
11485 7
11486 7
11487 7
11488 7
11489 2
11490 3
11491 3
11492 7
11493 7
11494 7
11495 9
11496 7
11497 9
11498 2
11499 2
11500 0
11501 9
11502 7
11503 9
11504 9
11505 2
11506 2
11507 2
11508 5
11509 5
11510 5
11511 0
11512 0
11513 0
11514 0
11515 0
11516 0
11517 0
11518 0
11519 0
11520 2
11521 2
11522 2
11523 6
11524 7
11525 7
11526 7
11527 7
11528 0
11529 5
11530 5
11531 5
11532 5
11533 5
11534 5
11535 2
11536 2
11537 2
11538 6
11539 6
11540 0
11541 0
11542 0
11543 5
11544 5
11545 2
11546 7
11547 1
11548 9
11549 9
11550 9
11551 7
11552 7
11553 1
11554 0
11555 7
11556 6
11557 9
11558 9
11559 7
11560 7
11561 2
11562 7
11563 7
11564 7
11565 7
11566 7
11567 7
11568 7
11569 7
11570 7
11571 7
11572 7
11573 7
11574 7
11575 1
11576 1
11577 1
11578 1
11579 1
11580 1
11581 1
11582 7
11583 7
11584 7
11585 7
11586 7
11587 7
11588 3
11589 3
11590 3
11591 7
11592 7
11593 7
11594 7
11595 7
11596 7
11597 0
11598 2
11599 2
11600 2
11601 2
11602 1
11603 1
11604 7
11605 7
11606 7
11607 7
11608 7
11609 7
11610 7
11611 7
11612 7
11613 7
11614 7
11615 7
11616 7
11617 4
11618 4
11619 4
11620 1
11621 7
11622 7
11623 7
11624 1
11625 1
11626 1
11627 1
11628 1
11629 1
11630 1
11631 1
11632 1
11633 1
11634 1
11635 0
11636 7
11637 7
11638 7
11639 7
11640 7
11641 1
11642 1
11643 7
11644 7
11645 1
11646 6
11647 0
11648 0
11649 0
11650 9
11651 9
11652 9
11653 9
11654 7
11655 7
11656 7
11657 7
11658 7
11659 7
11660 7
11661 1
11662 4
11663 4
11664 4
11665 4
11666 1
11667 7
11668 9
11669 7
11670 7
11671 7
11672 1
11673 1
11674 1
11675 1
11676 7
11677 7
11678 7
11679 7
11680 7
11681 7
11682 1
11683 7
11684 2
11685 0
11686 0
11687 7
11688 7
11689 2
11690 2
11691 7
11692 7
11693 7
11694 7
11695 7
11696 7
11697 7
11698 6
11699 6
11700 5
11701 5
11702 0
11703 9
11704 0
11705 4
11706 1
11707 7
11708 7
11709 7
11710 0
11711 9
11712 9
11713 9
11714 9
11715 9
11716 9
11717 9
11718 9
11719 9
11720 1
11721 1
11722 5
11723 5
11724 5
11725 6
11726 7
11727 1
11728 1
11729 3
11730 3
11731 3
11732 5
11733 4
11734 9
11735 9
11736 9
11737 9
11738 0
11739 0
11740 0
11741 2
11742 1
11743 1
11744 1
11745 4
11746 3
11747 3
11748 3
11749 3
11750 3
11751 9
11752 9
11753 0
11754 0
11755 2
11756 2
11757 0
11758 5
11759 5
11760 5
11761 5
11762 2
11763 2
11764 3
11765 3
11766 3
11767 6
11768 0
11769 5
11770 6
11771 5
11772 5
11773 2
11774 7
11775 7
11776 0
11777 0
11778 0
11779 7
11780 9
11781 9
11782 9
11783 9
11784 7
11785 7
11786 7
11787 1
11788 2
11789 2
11790 2
11791 2
11792 3
11793 3
11794 3
11795 3
11796 5
11797 0
11798 0
11799 0
11800 7
11801 7
11802 7
11803 7
11804 5
11805 5
11806 5
11807 9
11808 2
11809 2
11810 2
11811 2
11812 2
11813 7
11814 7
11815 2
11816 2
11817 1
11818 1
11819 1
11820 2
11821 2
11822 2
11823 0
11824 0
11825 7
11826 7
11827 7
11828 7
11829 7
11830 1
11831 1
11832 1
11833 0
11834 0
11835 0
11836 0
11837 0
11838 0
11839 0
11840 0
11841 2
11842 7
11843 7
11844 7
11845 7
11846 7
11847 2
11848 0
11849 0
11850 0
11851 0
11852 0
11853 0
11854 0
11855 7
11856 6
