0 0
1 0
2 2
3 0
4 0
5 1
6 0
7 0
8 0
9 0
10 1
11 1
12 2
13 2
14 2
15 2
16 2
17 2
18 2
19 2
20 2
21 2
22 2
23 2
24 2
25 2
26 2
27 2
28 2
29 2
30 2
31 0
32 3
33 1
34 0
35 0
36 1
37 1
38 2
39 2
40 2
41 2
42 2
43 1
44 2
45 2
46 0
47 0
48 2
49 2
50 2
51 1
52 3
53 2
54 2
55 4
56 4
57 1
58 1
59 1
60 1
61 1
62 2
63 2
64 3
65 2
66 0
67 1
68 1
69 2
70 0
71 1
72 1
73 1
74 4
75 0
76 0
77 0
78 0
79 0
80 3
81 0
82 0
83 0
84 3
85 0
86 3
87 0
88 3
89 3
90 3
91 3
92 3
93 3
94 3
95 3
96 3
97 3
98 3
99 3
100 3
101 3
102 3
103 3
104 3
105 3
106 3
107 3
108 3
109 1
110 1
111 0
112 3
113 0
114 2
115 2
116 2
117 4
118 4
119 4
120 4
121 4
122 4
123 4
124 4
125 4
126 4
127 4
128 4
129 4
130 4
131 1
132 1
133 1
134 2
135 1
136 1
137 4
138 2
139 1
140 1
141 1
142 0
143 4
144 1
145 1
146 1
147 1
148 1
149 1
150 1
151 2
152 2
153 4
154 4
155 4
156 2
157 2
158 4
159 4
160 4
161 4
162 4
163 4
164 4
165 4
166 4
167 0
168 4
169 4
170 0
171 1
172 1
173 4
174 2
175 2
176 3
177 3
178 0
179 2
180 2
181 2
182 2
183 1
184 4
185 4
186 4
187 2
188 2
189 2
190 2
191 2
192 2
193 2
194 2
195 2
196 2
197 1
198 1
199 1
200 1
201 1
202 1
203 1
204 1
205 1
206 1
207 1
208 1
209 1
210 1
211 1
212 1
213 1
214 4
215 1
216 2
217 2
218 1
219 1
220 1
221 0
222 0
223 4
224 1
225 1
226 1
227 0
228 1
229 1
230 4
231 4
232 4
233 4
234 4
235 1
236 1
237 1
238 1
239 2
240 2
241 2
242 2
243 2
244 2
245 2
246 4
247 1
248 1
249 1
250 1
251 0
252 0
253 0
254 0
255 0
256 0
257 0
258 0
259 0
260 0
261 0
262 0
263 0
264 0
265 0
266 0
267 0
268 0
269 0
270 0
271 0
272 0
273 0
274 0
275 0
276 0
277 0
278 0
279 0
280 0
281 0
282 0
283 0
284 0
285 0
286 0
287 1
288 1
289 1
290 1
291 0
292 0
293 0
294 1
295 4
296 1
297 2
298 4
299 4
300 4
301 4
302 3
303 1
304 3
305 4
306 0
307 0
308 1
309 1
310 3
311 1
312 1
313 1
314 1
315 1
316 1
317 1
318 0
319 2
320 1
321 1
322 0
323 0
324 0
325 2
326 2
327 2
328 2
329 4
330 2
331 0
332 4
333 0
334 0
335 0
336 0
337 0
338 0
339 0
340 0
341 0
342 0
343 0
344 0
345 1
346 1
347 0
348 1
349 1
350 0
351 0
352 4
353 4
354 0
355 0
356 4
357 4
358 4
359 4
360 1
361 1
362 4
363 0
364 0
365 0
366 0
367 2
368 2
369 2
370 2
371 2
372 2
373 2
374 2
375 2
376 2
377 2
378 2
379 2
380 2
381 2
382 2
383 2
384 2
385 2
386 2
387 2
388 2
389 0
390 0
391 1
392 1
393 4
394 0
395 1
396 0
397 0
398 2
399 1
400 2
401 2
402 2
403 0
404 4
405 0
406 4
407 2
408 2
409 2
410 2
411 1
412 1
413 1
414 1
415 1
416 4
417 1
418 1
419 0
420 1
421 1
422 2
423 0
424 1
425 1
426 4
427 1
428 1
429 2
430 2
431 3
432 4
433 1
434 2
435 1
436 1
437 1
438 1
439 1
440 1
441 2
442 2
443 4
444 2
445 0
446 0
447 0
448 0
449 2
450 2
451 2
452 1
453 1
454 1
455 1
456 1
457 1
458 1
459 1
460 0
461 3
462 1
463 1
464 1
465 0
466 2
467 2
468 2
469 2
470 2
471 2
472 2
473 2
474 2
475 2
476 2
477 2
478 0
479 2
480 2
481 2
482 0
483 2
484 2
485 2
486 2
487 2
488 0
489 3
490 2
491 0
492 2
493 3
494 1
495 1
496 2
497 1
498 1
499 1
500 1
501 1
502 2
503 2
504 2
505 2
506 0
507 4
508 0
509 0
510 0
511 0
512 1
513 1
514 1
515 1
516 2
517 1
518 3
519 0
520 0
521 1
522 0
523 4
524 4
525 4
526 4
527 4
528 4
529 4
530 4
531 4
532 4
533 2
534 2
535 2
536 2
537 0
538 1
539 4
540 2
541 4
542 4
543 0
544 1
545 1
546 1
547 1
548 2
549 2
550 2
551 2
552 2
553 2
554 2
555 1
556 1
557 2
558 1
559 4
560 1
561 2
562 1
563 2
564 2
565 2
566 2
567 2
568 2
569 2
570 2
571 4
572 1
573 1
574 1
575 1
576 1
577 1
578 1
579 3
580 3
581 3
582 3
583 3
584 3
585 0
586 0
587 2
588 2
589 2
590 2
591 4
592 4
593 1
594 2
595 2
596 1
597 2
598 2
599 2
600 2
601 2
602 0
603 0
604 0
605 1
606 3
607 3
608 0
609 0
610 0
611 3
612 0
613 3
614 3
615 3
616 3
617 3
618 3
619 3
620 3
621 3
622 3
623 3
624 2
625 2
626 0
627 1
628 1
629 1
630 1
631 1
632 1
633 1
634 1
635 1
636 1
637 1
638 1
639 1
640 1
641 1
642 1
643 2
644 0
645 1
646 1
647 2
648 2
649 2
650 1
651 3
652 2
653 1
654 2
655 2
656 4
657 2
658 2
659 0
660 2
661 0
662 0
663 1
664 1
665 1
666 1
667 1
668 0
669 1
670 2
671 2
672 1
673 2
674 1
675 2
676 4
677 4
678 3
679 3
680 3
681 3
682 0
683 0
684 3
685 0
686 0
687 3
688 0
689 1
690 1
691 2
692 1
693 1
694 1
695 2
696 2
697 2
698 1
699 1
700 0
701 2
702 2
703 2
704 2
705 2
706 4
707 2
708 2
709 1
710 2
711 2
712 0
713 2
714 3
715 1
716 1
717 0
718 2
719 1
720 4
721 0
722 0
723 0
724 0
725 0
726 0
727 0
728 0
729 0
730 0
731 0
732 0
733 0
734 0
735 0
736 0
737 4
738 4
739 4
740 4
741 4
742 4
743 4
744 4
745 4
746 4
747 4
748 4
749 4
750 4
751 4
752 4
753 4
754 4
755 4
756 4
757 4
758 4
759 4
760 4
761 4
762 0
763 1
764 1
765 2
766 1
767 2
768 2
769 0
770 4
771 0
772 0
773 0
774 1
775 2
776 1
777 2
778 1
779 2
780 2
781 2
782 2
783 2
784 2
785 3
786 1
787 0
788 2
789 2
790 2
791 3
792 2
793 2
794 2
795 2
796 2
797 2
798 2
799 2
800 2
801 2
802 2
803 2
804 0
805 0
806 0
807 0
808 4
809 4
810 4
811 4
812 4
813 4
814 4
815 4
816 4
817 4
818 4
819 4
820 4
821 4
822 4
823 4
824 4
825 4
826 4
827 4
828 4
829 4
830 4
831 4
832 4
833 4
834 4
835 4
836 4
837 4
838 4
839 4
840 4
841 0
842 0
843 1
844 4
845 4
846 4
847 4
848 4
849 4
850 4
851 4
852 4
853 4
854 4
855 4
856 2
857 2
858 2
859 2
860 2
861 2
862 2
863 2
864 2
865 2
866 2
867 2
868 2
869 2
870 2
871 2
872 2
873 2
874 2
875 2
876 2
877 2
878 2
879 2
880 2
881 2
882 2
883 2
884 2
885 2
886 2
887 2
888 2
889 2
890 2
891 2
892 2
893 2
894 2
895 2
896 2
897 2
898 2
899 2
900 2
901 2
902 2
903 2
904 1
905 1
906 1
907 2
908 4
909 1
910 1
911 1
912 1
913 1
914 1
915 1
916 0
917 1
918 1
919 1
920 1
921 1
922 1
923 2
924 4
925 2
926 2
927 1
928 1
929 1
930 1
931 2
932 1
933 0
934 0
935 1
936 1
937 1
938 1
939 1
940 1
941 4
942 0
943 0
944 2
945 2
946 2
947 1
948 2
949 1
950 2
951 2
952 2
953 2
954 0
955 4
956 4
957 4
958 4
959 0
960 0
961 0
962 0
963 0
964 1
965 1
966 1
967 1
968 1
969 1
970 1
971 1
972 1
973 1
974 1
975 1
976 1
977 1
978 1
979 1
980 1
981 1
982 1
983 1
984 1
985 1
986 1
987 1
988 1
989 1
990 1
991 1
992 1
993 1
994 1
995 1
996 1
997 1
998 1
999 1
1000 1
1001 1
1002 1
1003 1
1004 1
1005 1
1006 1
1007 1
1008 1
1009 1
1010 1
1011 1
1012 1
1013 1
1014 1
1015 1
1016 1
1017 1
1018 1
1019 1
1020 1
1021 1
1022 1
1023 1
1024 1
1025 1
1026 1
1027 1
1028 1
1029 1
1030 1
1031 1
1032 1
1033 1
1034 1
1035 1
1036 1
1037 1
1038 4
1039 0
1040 2
1041 2
1042 2
1043 2
1044 1
1045 1
1046 1
1047 1
1048 4
1049 4
1050 0
1051 0
1052 1
1053 4
1054 4
1055 1
1056 1
1057 1
1058 1
1059 1
1060 1
1061 1
1062 1
1063 2
1064 1
1065 2
1066 4
1067 2
1068 2
1069 0
1070 1
1071 2
1072 1
1073 2
1074 1
1075 1
1076 1
1077 4
1078 2
1079 2
1080 2
1081 2
1082 2
1083 2
1084 2
1085 4
1086 4
1087 4
1088 4
1089 4
1090 4
1091 4
1092 4
1093 4
1094 4
1095 4
1096 4
1097 4
1098 4
1099 2
1100 1
1101 2
1102 0
1103 0
1104 0
1105 4
1106 4
1107 4
1108 4
1109 0
1110 1
1111 1
1112 1
1113 2
1114 0
1115 0
1116 0
1117 0
1118 0
1119 0
1120 2
1121 1
1122 2
1123 1
1124 2
1125 2
1126 2
1127 2
1128 2
1129 2
1130 2
1131 4
1132 0
1133 0
1134 0
1135 0
1136 1
1137 1
1138 1
1139 1
1140 1
1141 1
1142 1
1143 1
1144 2
1145 0
1146 2
1147 2
1148 2
1149 2
1150 2
1151 2
1152 4
1153 4
1154 4
1155 2
1156 2
1157 2
1158 2
1159 2
1160 2
1161 2
1162 2
1163 2
1164 2
1165 2
1166 2
1167 2
1168 2
1169 2
1170 2
1171 2
1172 2
1173 2
1174 2
1175 2
1176 2
1177 2
1178 2
1179 2
1180 2
1181 2
1182 2
1183 2
1184 2
1185 2
1186 2
1187 2
1188 2
1189 2
1190 2
1191 2
1192 2
1193 2
1194 2
1195 2
1196 2
1197 1
1198 1
1199 1
1200 1
1201 1
1202 1
1203 1
1204 1
1205 1
1206 1
1207 0
1208 1
1209 2
1210 0
1211 0
1212 2
1213 1
1214 0
1215 2
1216 0
1217 4
1218 0
1219 0
1220 0
1221 0
1222 1
1223 3
1224 3
1225 1
1226 2
1227 3
1228 2
1229 2
1230 0
1231 3
1232 2
1233 2
1234 2
1235 2
1236 2
1237 2
1238 2
1239 2
1240 2
1241 2
1242 2
1243 2
1244 2
1245 2
1246 2
1247 2
1248 2
1249 2
1250 0
1251 0
1252 0
1253 4
1254 4
1255 2
1256 2
1257 2
1258 2
1259 2
1260 2
1261 4
1262 4
1263 4
1264 4
1265 4
1266 4
1267 1
1268 4
1269 1
1270 1
1271 4
1272 2
1273 2
1274 2
1275 2
1276 2
1277 2
1278 2
1279 2
1280 2
1281 2
1282 2
1283 2
1284 0
1285 0
1286 1
1287 1
1288 2
1289 2
1290 2
1291 1
1292 1
1293 1
1294 1
1295 1
1296 1
1297 1
1298 1
1299 1
1300 1
1301 1
1302 0
1303 1
1304 1
1305 3
1306 1
1307 1
1308 4
1309 3
1310 0
1311 3
1312 0
1313 0
1314 3
1315 3
1316 3
1317 3
1318 3
1319 0
1320 0
1321 3
1322 0
1323 0
1324 3
1325 3
1326 3
1327 3
1328 3
1329 3
1330 3
1331 3
1332 3
1333 3
1334 3
1335 3
1336 3
1337 3
1338 3
1339 3
1340 3
1341 3
1342 3
1343 3
1344 3
1345 3
1346 3
1347 3
1348 3
1349 3
1350 3
1351 3
1352 3
1353 3
1354 3
1355 3
1356 0
1357 4
1358 3
1359 1
1360 0
1361 0
1362 1
1363 1
1364 2
1365 0
1366 2
1367 0
1368 0
1369 4
1370 4
1371 4
1372 4
1373 4
1374 4
1375 4
1376 4
1377 4
1378 4
1379 4
1380 4
1381 1
1382 2
1383 2
1384 2
1385 2
1386 2
1387 4
1388 2
1389 2
1390 2
1391 4
1392 2
1393 0
1394 1
1395 1
1396 1
1397 1
1398 1
1399 1
1400 1
1401 1
1402 1
1403 4
1404 2
1405 2
1406 1
1407 1
1408 1
1409 4
1410 0
1411 1
1412 1
1413 2
1414 0
1415 1
1416 1
1417 2
1418 2
1419 2
1420 2
1421 2
1422 2
1423 2
1424 1
1425 3
1426 3
1427 1
1428 1
1429 1
1430 4
1431 4
1432 4
1433 4
1434 4
1435 4
1436 3
1437 1
1438 3
1439 1
1440 0
1441 2
1442 2
1443 1
1444 2
1445 3
1446 3
1447 2
1448 2
1449 2
1450 2
1451 0
1452 0
1453 3
1454 3
1455 3
1456 3
1457 3
1458 3
1459 3
1460 3
1461 0
1462 0
1463 0
1464 1
1465 1
1466 3
1467 2
1468 1
1469 1
1470 1
1471 1
1472 1
1473 1
1474 1
1475 1
1476 1
1477 1
1478 1
1479 1
1480 1
1481 1
1482 2
1483 2
1484 2
1485 2
1486 2
1487 2
1488 2
1489 2
1490 2
1491 2
1492 2
1493 2
1494 2
1495 0
1496 4
1497 0
1498 1
1499 1
1500 2
1501 0
1502 0
1503 0
1504 0
1505 3
1506 3
1507 0
1508 0
1509 1
1510 1
1511 1
1512 1
1513 1
1514 1
1515 1
1516 1
1517 1
1518 1
1519 1
1520 1
1521 1
1522 1
1523 1
1524 1
1525 0
1526 4
1527 2
1528 0
1529 2
1530 0
1531 0
1532 4
1533 4
1534 4
1535 1
1536 1
1537 0
1538 4
1539 1
1540 1
1541 1
1542 1
1543 0
1544 0
1545 4
1546 4
1547 4
1548 2
1549 2
1550 0
1551 2
1552 2
1553 3
1554 3
1555 3
1556 3
1557 3
1558 3
1559 1
1560 2
1561 2
1562 2
1563 2
1564 2
1565 2
1566 0
1567 1
1568 1
1569 1
1570 1
1571 1
1572 1
1573 0
1574 1
1575 1
1576 1
1577 1
1578 1
1579 1
1580 1
1581 1
1582 2
1583 2
1584 1
1585 2
1586 2
1587 2
1588 2
1589 2
1590 1
1591 0
1592 0
1593 0
1594 1
1595 1
1596 2
1597 1
1598 1
1599 4
1600 1
1601 1
1602 1
1603 1
1604 1
1605 1
1606 1
1607 1
1608 1
1609 1
1610 1
1611 1
1612 1
1613 1
1614 1
1615 1
1616 1
1617 4
1618 0
1619 1
1620 2
1621 2
1622 2
1623 2
1624 2
1625 2
1626 2
1627 2
1628 2
1629 1
1630 1
1631 1
1632 1
1633 1
1634 2
1635 4
1636 1
1637 1
1638 1
1639 4
1640 1
1641 1
1642 1
1643 2
1644 1
1645 2
1646 2
1647 2
1648 2
1649 2
1650 4
1651 4
1652 4
1653 1
1654 4
1655 4
1656 3
1657 3
1658 3
1659 1
1660 1
1661 1
1662 1
1663 1
1664 1
1665 3
1666 2
1667 2
1668 2
1669 2
1670 2
1671 2
1672 2
1673 2
1674 2
1675 2
1676 2
1677 2
1678 2
1679 2
1680 2
1681 2
1682 2
1683 2
1684 2
1685 2
1686 2
1687 2
1688 2
1689 2
1690 2
1691 2
1692 2
1693 2
1694 2
1695 2
1696 2
1697 2
1698 1
1699 1
1700 1
1701 1
1702 1
1703 0
1704 2
1705 3
1706 3
1707 0
1708 0
1709 0
1710 0
1711 0
1712 3
1713 2
1714 2
1715 0
1716 0
1717 0
1718 4
1719 2
1720 1
1721 1
1722 1
1723 0
1724 2
1725 1
1726 0
1727 0
1728 0
1729 4
1730 1
1731 4
1732 4
1733 4
1734 4
1735 4
1736 4
1737 4
1738 4
1739 4
1740 4
1741 4
1742 4
1743 4
1744 4
1745 2
1746 2
1747 2
1748 2
1749 2
1750 2
1751 1
1752 1
1753 1
1754 3
1755 3
1756 3
1757 3
1758 4
1759 1
1760 2
1761 2
1762 2
1763 2
1764 2
1765 2
1766 2
1767 2
1768 4
1769 1
1770 1
1771 0
1772 0
1773 0
1774 0
1775 0
1776 0
1777 0
1778 2
1779 1
1780 1
1781 2
1782 2
1783 2
1784 0
1785 4
1786 4
1787 2
1788 2
1789 1
1790 0
1791 1
1792 1
1793 3
1794 0
1795 0
1796 2
1797 2
1798 2
1799 2
1800 2
1801 2
1802 2
1803 3
1804 1
1805 1
1806 1
1807 1
1808 1
1809 4
1810 1
1811 0
1812 0
1813 2
1814 0
1815 2
1816 2
1817 0
1818 2
1819 2
1820 2
1821 1
1822 2
1823 2
1824 4
1825 3
1826 3
1827 4
1828 4
1829 4
1830 4
1831 4
1832 4
1833 4
1834 4
1835 4
1836 4
1837 4
1838 4
1839 0
1840 0
1841 0
1842 1
1843 1
1844 1
1845 1
1846 3
1847 1
1848 4
1849 2
1850 0
1851 4
1852 4
1853 4
1854 4
1855 4
1856 4
1857 4
1858 4
1859 4
1860 4
1861 2
1862 2
1863 0
1864 0
1865 4
1866 1
1867 1
1868 1
1869 1
1870 1
1871 1
1872 1
1873 3
1874 3
1875 3
1876 3
1877 3
1878 3
1879 3
1880 3
1881 3
1882 3
1883 3
1884 3
1885 3
1886 3
1887 3
1888 3
1889 3
1890 3
1891 3
1892 3
1893 3
1894 3
1895 3
1896 3
1897 3
1898 3
1899 3
1900 3
1901 3
1902 3
1903 3
1904 0
1905 0
1906 0
1907 0
1908 3
1909 1
1910 1
1911 2
1912 2
1913 2
1914 2
1915 2
1916 4
1917 1
1918 1
1919 1
1920 1
1921 1
1922 1
1923 1
1924 1
1925 2
1926 3
1927 4
1928 2
1929 1
1930 1
1931 0
1932 0
1933 3
1934 0
1935 0
1936 4
1937 3
1938 3
1939 3
1940 3
1941 3
1942 4
1943 2
1944 0
1945 2
1946 3
1947 2
1948 3
1949 0
1950 0
1951 1
1952 1
1953 4
1954 2
1955 0
1956 2
1957 1
1958 1
1959 1
1960 2
1961 3
1962 3
1963 2
1964 2
1965 2
1966 2
1967 4
1968 2
1969 4
1970 2
1971 2
1972 2
1973 2
1974 4
1975 2
1976 2
1977 0
1978 0
1979 0
1980 0
1981 0
1982 0
1983 2
1984 3
1985 3
1986 2
1987 2
1988 2
1989 2
1990 2
1991 2
1992 4
1993 4
1994 1
1995 2
1996 2
1997 4
1998 0
1999 0
2000 0
2001 2
2002 1
2003 1
2004 1
2005 1
2006 1
2007 0
2008 0
2009 1
2010 1
2011 1
2012 3
2013 3
2014 3
2015 3
2016 3
2017 3
2018 3
2019 3
2020 3
2021 3
2022 3
2023 3
2024 3
2025 3
2026 3
2027 3
2028 3
2029 3
2030 0
2031 0
2032 0
2033 0
2034 0
2035 3
2036 0
2037 0
2038 2
2039 2
2040 0
2041 1
2042 1
2043 2
2044 2
2045 1
2046 0
2047 0
2048 3
2049 0
2050 3
2051 3
2052 3
2053 3
2054 3
2055 3
2056 0
2057 0
2058 0
2059 1
2060 1
2061 1
2062 1
2063 1
2064 1
2065 1
2066 1
2067 1
2068 1
2069 1
2070 1
2071 1
2072 1
2073 1
2074 1
2075 1
2076 2
2077 1
2078 1
2079 0
2080 2
2081 2
2082 2
2083 2
2084 1
2085 0
2086 0
2087 0
2088 0
2089 0
2090 1
2091 1
2092 1
2093 1
2094 1
2095 1
2096 1
2097 0
2098 0
2099 0
2100 0
2101 0
2102 0
2103 3
2104 3
2105 1
2106 2
2107 4
2108 4
2109 4
2110 4
2111 4
2112 4
2113 4
2114 4
2115 4
2116 4
2117 4
2118 4
2119 1
2120 0
2121 0
2122 0
2123 0
2124 0
2125 0
2126 1
2127 1
2128 1
2129 1
2130 2
2131 3
2132 3
2133 3
2134 3
2135 3
2136 3
2137 3
2138 3
2139 3
2140 3
2141 3
2142 3
2143 3
2144 3
2145 3
2146 2
2147 0
2148 2
2149 1
2150 0
2151 2
2152 1
2153 1
2154 0
2155 1
2156 1
2157 1
2158 1
2159 1
2160 2
2161 2
2162 2
2163 1
2164 1
2165 1
2166 2
2167 2
2168 1
2169 1
2170 1
2171 1
2172 0
2173 0
2174 0
2175 0
2176 0
2177 1
2178 0
2179 0
2180 0
2181 0
2182 0
2183 0
2184 0
2185 0
2186 0
2187 4
2188 0
2189 0
2190 0
2191 0
2192 2
2193 1
2194 1
2195 1
2196 1
2197 1
2198 1
2199 1
2200 1
2201 1
2202 1
2203 1
2204 1
2205 1
2206 1
2207 1
2208 0
2209 1
2210 2
2211 1
2212 3
2213 3
2214 2
2215 0
2216 2
2217 1
2218 1
2219 1
2220 1
2221 3
2222 3
2223 3
2224 3
2225 3
2226 3
2227 3
2228 3
2229 0
2230 0
2231 0
2232 0
2233 0
2234 0
2235 0
2236 1
2237 2
2238 1
2239 4
2240 0
2241 0
2242 2
2243 1
2244 1
2245 0
2246 1
2247 1
2248 1
2249 1
2250 1
2251 1
2252 4
2253 2
2254 1
2255 3
2256 4
2257 4
2258 4
2259 4
2260 4
2261 4
2262 4
2263 4
2264 4
2265 4
2266 4
2267 4
2268 2
2269 3
2270 3
2271 1
2272 1
2273 3
2274 2
2275 2
2276 2
2277 2
2278 2
2279 2
2280 2
2281 2
2282 2
2283 2
2284 2
2285 0
2286 3
2287 3
2288 3
2289 3
2290 3
2291 3
2292 3
2293 3
2294 3
2295 3
2296 3
2297 2
2298 2
2299 2
2300 2
2301 2
2302 2
2303 0
2304 0
2305 0
2306 1
2307 1
2308 0
2309 1
2310 1
2311 1
2312 1
2313 1
2314 1
2315 0
2316 0
2317 0
2318 0
2319 0
2320 2
2321 2
2322 3
2323 3
2324 2
2325 2
2326 2
2327 0
2328 0
2329 0
2330 0
2331 0
2332 0
2333 0
2334 0
2335 0
2336 0
2337 1
2338 1
2339 2
2340 2
2341 2
2342 2
2343 1
2344 3
2345 1
2346 3
2347 3
2348 3
2349 3
2350 3
2351 2
2352 1
2353 1
2354 1
2355 1
2356 0
2357 4
2358 2
2359 1
2360 1
2361 1
2362 1
2363 1
2364 1
2365 4
2366 4
2367 2
2368 2
2369 2
2370 4
2371 1
2372 1
2373 1
2374 1
2375 1
2376 1
2377 1
2378 1
2379 1
2380 1
2381 1
2382 1
2383 1
2384 1
2385 1
2386 1
2387 1
2388 1
2389 1
2390 1
2391 0
2392 0
2393 0
2394 0
2395 3
2396 0
2397 0
2398 0
2399 0
2400 0
2401 0
2402 0
2403 0
2404 0
2405 0
2406 0
2407 0
2408 0
2409 0
2410 0
2411 0
2412 0
2413 0
2414 2
2415 1
2416 2
2417 0
2418 2
2419 2
2420 2
2421 2
2422 2
2423 0
2424 3
2425 3
2426 3
2427 1
2428 3
2429 3
2430 3
2431 3
2432 3
2433 3
2434 3
2435 3
2436 3
2437 3
2438 3
2439 3
2440 3
2441 3
2442 3
2443 3
2444 2
2445 0
2446 0
2447 0
2448 0
2449 1
2450 3
2451 3
2452 3
2453 3
2454 3
2455 3
2456 3
2457 3
2458 0
2459 3
2460 2
2461 2
2462 2
2463 2
2464 2
2465 2
2466 2
2467 2
2468 2
2469 2
2470 2
2471 1
2472 1
2473 1
2474 1
2475 2
2476 2
2477 2
2478 2
2479 4
2480 0
2481 2
2482 0
2483 0
2484 1
2485 0
2486 0
2487 0
2488 0
2489 0
2490 0
2491 1
2492 1
2493 1
2494 1
2495 2
2496 2
2497 2
2498 2
2499 2
2500 2
2501 2
2502 2
2503 2
2504 2
2505 2
2506 2
2507 1
2508 1
2509 4
2510 4
2511 0
2512 2
2513 1
2514 1
2515 1
2516 1
2517 1
2518 1
2519 1
2520 1
2521 1
2522 1
2523 1
2524 1
2525 2
2526 1
2527 0
2528 0
2529 0
2530 0
2531 0
2532 0
2533 0
2534 0
2535 3
2536 3
2537 0
2538 0
2539 0
2540 0
2541 0
2542 0
2543 0
2544 0
2545 0
2546 0
2547 0
2548 0
2549 3
2550 0
2551 0
2552 3
2553 0
2554 3
2555 3
2556 3
2557 3
2558 3
2559 3
2560 0
2561 0
2562 1
2563 1
2564 3
2565 3
2566 3
2567 3
2568 3
2569 3
2570 3
2571 3
2572 3
2573 3
2574 3
2575 3
2576 3
2577 3
2578 3
2579 3
2580 3
2581 3
2582 3
2583 3
2584 3
2585 3
2586 3
2587 3
2588 3
2589 3
2590 3
2591 4
2592 4
2593 2
2594 2
2595 1
2596 0
2597 1
2598 1
2599 1
2600 1
2601 1
2602 1
2603 1
2604 1
2605 1
2606 1
2607 1
2608 1
2609 1
2610 2
2611 0
2612 0
2613 3
2614 2
2615 2
2616 2
2617 2
2618 2
2619 1
2620 1
2621 0
2622 0
2623 0
2624 0
2625 3
2626 3
2627 3
2628 2
2629 3
2630 3
2631 3
2632 3
2633 3
2634 3
2635 3
2636 3
2637 3
2638 3
2639 0
2640 3
2641 3
2642 0
2643 3
2644 3
2645 3
2646 0
2647 1
2648 0
2649 1
2650 1
2651 1
2652 1
2653 1
2654 1
2655 1
2656 1
2657 1
2658 1
2659 1
2660 1
2661 1
2662 1
2663 1
2664 2
2665 2
2666 2
2667 2
2668 2
2669 2
2670 2
2671 2
2672 2
2673 2
2674 2
2675 0
2676 0
2677 1
2678 1
2679 4
2680 2
2681 2
2682 1
2683 1
2684 1
2685 1
2686 2
2687 2
2688 1
2689 1
2690 1
2691 1
2692 1
2693 0
2694 1
2695 4
2696 0
2697 0
2698 0
2699 0
2700 1
2701 2
2702 2
2703 2
2704 2
2705 2
2706 2
2707 4
2708 4
2709 2
2710 3
2711 3
2712 2
2713 2
2714 1
2715 3
2716 1
2717 1
2718 1
2719 1
2720 4
2721 1
2722 1
2723 1
2724 2
2725 0
2726 1
2727 1
2728 1
2729 4
2730 4
2731 2
2732 2
2733 2
2734 1
2735 1
2736 4
2737 4
2738 4
2739 4
2740 3
2741 0
2742 0
2743 0
2744 0
2745 3
2746 3
2747 0
2748 3
2749 3
2750 3
2751 3
2752 1
2753 4
2754 4
2755 4
2756 4
2757 4
2758 4
2759 4
2760 4
2761 4
2762 4
2763 4
2764 1
2765 1
2766 1
2767 0
2768 3
2769 0
2770 0
2771 0
2772 0
2773 0
2774 0
2775 1
2776 1
2777 1
2778 0
2779 0
2780 0
2781 0
2782 0
2783 0
2784 0
2785 0
2786 0
2787 0
2788 0
2789 0
2790 4
2791 1
2792 1
2793 1
2794 1
2795 1
2796 2
2797 4
2798 4
2799 4
2800 4
2801 3
2802 2
2803 2
2804 2
2805 2
2806 4
2807 1
2808 1
2809 1
2810 1
2811 1
2812 1
2813 1
2814 1
2815 1
2816 1
2817 1
2818 2
2819 3
2820 3
2821 3
2822 1
2823 1
2824 1
2825 1
2826 1
2827 2
2828 3
2829 3
2830 3
2831 3
2832 0
2833 0
2834 0
2835 1
2836 1
2837 4
2838 1
2839 1
2840 1
2841 1
2842 1
2843 1
2844 1
2845 1
2846 1
2847 1
2848 1
2849 1
2850 1
2851 1
2852 1
2853 1
2854 1
2855 2
2856 0
2857 0
2858 0
2859 0
2860 0
2861 0
2862 0
2863 1
2864 2
2865 1
2866 1
2867 1
2868 1
2869 1
2870 1
2871 1
2872 1
2873 1
2874 1
2875 1
2876 1
2877 1
2878 1
2879 1
2880 1
2881 2
2882 1
2883 1
2884 3
2885 2
2886 1
2887 3
2888 3
2889 3
2890 3
2891 3
2892 3
2893 3
2894 3
2895 3
2896 3
2897 3
2898 3
2899 2
2900 2
2901 2
2902 2
2903 0
2904 0
2905 0
2906 0
2907 0
2908 0
2909 0
2910 0
2911 0
2912 0
2913 0
2914 0
2915 0
2916 2
2917 2
2918 2
2919 1
2920 1
2921 4
2922 4
2923 4
2924 4
2925 4
2926 4
2927 4
2928 4
2929 4
2930 4
2931 4
2932 3
2933 3
2934 3
2935 3
2936 3
2937 3
2938 3
2939 3
2940 3
2941 3
2942 3
2943 3
2944 2
2945 2
2946 2
2947 2
2948 2
2949 2
2950 1
2951 1
2952 1
2953 1
2954 1
2955 1
2956 3
2957 3
2958 3
2959 3
2960 0
2961 0
2962 0
2963 0
2964 0
2965 4
2966 4
2967 3
2968 3
2969 3
2970 4
2971 4
2972 4
2973 0
2974 4
2975 2
2976 0
2977 0
2978 0
2979 0
2980 0
2981 0
2982 2
2983 1
2984 0
2985 0
2986 0
2987 0
2988 3
2989 3
2990 3
2991 1
2992 1
2993 1
2994 0
2995 1
2996 2
2997 4
2998 3
2999 3
3000 2
3001 2
3002 2
3003 2
3004 2
3005 1
3006 1
3007 1
3008 1
3009 1
3010 1
3011 1
3012 1
3013 1
3014 1
3015 1
3016 1
3017 3
3018 3
3019 3
3020 3
3021 3
3022 3
3023 3
3024 3
3025 3
3026 3
3027 3
3028 3
3029 3
3030 3
3031 3
3032 3
3033 0
3034 0
3035 0
3036 0
3037 0
3038 0
3039 3
3040 0
3041 0
3042 0
3043 0
3044 0
3045 0
3046 0
3047 0
3048 0
3049 0
3050 1
3051 3
3052 3
3053 3
3054 1
3055 2
3056 2
3057 2
3058 2
3059 2
3060 2
3061 2
3062 2
3063 2
3064 2
3065 2
3066 1
3067 1
3068 1
3069 1
3070 1
3071 1
3072 1
3073 1
3074 3
3075 3
3076 3
3077 0
3078 0
3079 2
3080 2
3081 2
3082 2
3083 2
3084 2
3085 2
3086 3
3087 3
3088 3
3089 3
3090 3
3091 3
3092 3
3093 3
3094 3
3095 3
3096 3
3097 3
3098 3
3099 3
3100 3
3101 3
3102 3
3103 3
3104 3
3105 3
3106 3
3107 3
3108 3
3109 3
3110 4
3111 4
3112 3
3113 0
3114 0
3115 0
3116 0
3117 0
3118 0
3119 0
3120 0
3121 0
3122 0
3123 3
3124 4
3125 2
3126 0
3127 3
3128 3
3129 3
3130 0
3131 0
3132 0
3133 0
3134 0
3135 2
3136 2
3137 4
3138 1
3139 1
3140 2
3141 1
3142 1
3143 1
3144 1
3145 1
3146 3
3147 3
3148 3
3149 3
3150 0
3151 0
3152 0
3153 0
3154 0
3155 0
3156 0
3157 3
3158 3
3159 3
3160 3
3161 3
3162 3
3163 1
3164 3
3165 4
3166 2
3167 2
3168 4
3169 2
3170 4
3171 2
3172 2
3173 3
3174 3
3175 3
3176 3
3177 3
3178 0
3179 3
3180 0
3181 3
3182 3
3183 3
3184 3
3185 0
3186 3
3187 1
3188 1
3189 0
3190 4
3191 4
3192 4
3193 4
3194 0
3195 0
3196 1
3197 1
3198 0
3199 2
3200 0
3201 0
3202 0
3203 0
3204 0
3205 0
3206 0
3207 0
3208 3
3209 2
3210 2
3211 2
3212 1
3213 4
3214 2
3215 2
3216 4
3217 0
3218 0
3219 0
3220 4
3221 3
3222 3
3223 4
3224 1
3225 0
3226 0
3227 0
3228 0
3229 0
3230 0
3231 3
3232 0
3233 0
3234 3
3235 3
3236 0
3237 2
3238 3
3239 1
3240 4
3241 4
3242 4
3243 4
3244 4
3245 4
3246 4
3247 4
3248 4
3249 4
3250 1
3251 2
3252 1
3253 1
3254 0
3255 0
3256 2
3257 2
3258 3
3259 3
3260 3
3261 3
3262 3
3263 0
3264 0
3265 0
3266 0
3267 2
3268 1
3269 1
3270 1
3271 1
3272 4
3273 4
3274 4
3275 4
3276 4
3277 2
3278 4
3279 2
3280 2
3281 2
3282 2
3283 3
3284 3
3285 3
3286 3
3287 3
3288 0
3289 3
3290 3
3291 3
3292 3
3293 3
3294 3
3295 4
3296 4
3297 3
3298 3
3299 0
3300 0
3301 3
3302 3
3303 3
3304 2
3305 2
3306 3
3307 0
3308 3
3309 3
3310 3
3311 3
3312 1
3313 2
3314 2
3315 2
3316 2
3317 2
3318 1
3319 1
3320 1
3321 1
3322 4
3323 3
3324 0
3325 3
3326 3
3327 3
3328 3
3329 3
3330 3
3331 0
3332 3
3333 3
3334 3
3335 3
3336 3
3337 3
3338 2
3339 2
3340 2
3341 2
3342 2
3343 2
3344 2
3345 2
3346 1
3347 1
3348 1
3349 1
3350 1
3351 1
3352 1
3353 3
3354 1
3355 2
3356 1
3357 1
3358 2
3359 2
3360 3
3361 3
3362 3
3363 1
3364 0
3365 2
3366 1
3367 2
3368 2
3369 1
3370 1
3371 1
3372 1
3373 1
3374 2
3375 0
3376 0
3377 0
3378 0
3379 0
3380 0
3381 0
3382 0
3383 0
3384 0
3385 0
3386 1
3387 1
3388 0
3389 1
3390 1
3391 1
3392 1
3393 1
3394 0
3395 1
3396 1
3397 1
3398 2
3399 2
3400 1
3401 1
3402 0
3403 0
3404 0
3405 1
3406 1
3407 2
3408 2
3409 2
3410 2
3411 2
3412 0
3413 0
3414 2
3415 1
3416 1
3417 1
3418 2
3419 2
3420 1
3421 1
3422 1
3423 1
3424 2
3425 2
3426 0
3427 0
3428 1
3429 1
3430 2
3431 0
3432 2
3433 2
3434 2
3435 2
3436 2
3437 2
3438 2
3439 2
3440 2
3441 2
3442 2
3443 2
3444 2
3445 2
3446 2
3447 2
3448 2
3449 2
3450 0
3451 0
3452 0
3453 1
3454 2
3455 4
3456 2
3457 2
3458 4
3459 2
3460 1
3461 1
3462 1
3463 2
3464 2
3465 2
3466 4
3467 4
3468 4
3469 4
3470 2
3471 1
3472 2
3473 0
3474 0
3475 0
3476 0
3477 0
3478 0
3479 0
3480 0
3481 0
3482 1
3483 0
3484 0
3485 0
3486 0
3487 0
3488 0
3489 0
3490 0
3491 0
3492 2
3493 2
3494 0
3495 0
3496 0
3497 0
3498 0
3499 1
3500 2
3501 1
3502 1
3503 1
3504 1
3505 4
3506 4
3507 0
3508 1
3509 1
3510 1
3511 1
3512 1
3513 1
3514 1
3515 1
3516 1
3517 1
3518 1
3519 1
3520 1
3521 1
3522 2
3523 3
3524 3
3525 3
3526 1
3527 4
3528 0
3529 1
3530 0
3531 3
3532 0
3533 0
3534 0
3535 0
3536 0
3537 1
3538 1
3539 1
3540 1
3541 1
3542 1
3543 1
3544 1
3545 1
3546 1
3547 2
3548 2
3549 3
3550 3
3551 3
3552 3
3553 3
3554 3
3555 3
3556 1
3557 4
3558 3
3559 1
3560 2
3561 2
3562 2
3563 3
3564 3
3565 3
3566 3
3567 3
3568 3
3569 3
3570 3
3571 3
3572 3
3573 3
3574 3
3575 3
3576 3
3577 3
3578 3
3579 3
3580 3
3581 3
3582 3
3583 2
3584 2
3585 2
3586 2
3587 2
3588 2
3589 2
3590 2
3591 2
3592 2
3593 1
3594 2
3595 2
3596 2
3597 2
3598 2
3599 2
3600 3
3601 1
3602 1
3603 0
3604 0
3605 1
3606 1
3607 1
3608 1
3609 4
3610 4
3611 3
3612 3
3613 3
3614 3
3615 3
3616 3
3617 4
3618 4
3619 4
3620 4
3621 4
3622 4
3623 1
3624 1
3625 1
3626 1
3627 1
3628 1
3629 1
3630 1
3631 2
3632 2
3633 1
3634 1
3635 1
3636 2
3637 0
3638 0
3639 0
3640 0
3641 0
3642 0
3643 0
3644 0
3645 0
3646 3
3647 3
3648 3
3649 3
3650 3
3651 3
3652 3
3653 3
3654 3
3655 3
3656 3
3657 3
3658 3
3659 3
3660 3
3661 3
3662 3
3663 3
3664 3
3665 3
3666 3
3667 3
3668 3
3669 3
3670 3
3671 3
3672 3
3673 3
3674 3
3675 3
3676 3
3677 2
3678 2
3679 3
3680 3
3681 3
3682 3
3683 3
3684 3
3685 3
3686 3
3687 3
3688 3
3689 3
3690 3
3691 3
3692 3
3693 3
3694 3
3695 3
3696 3
3697 3
3698 3
3699 3
3700 4
3701 2
3702 1
3703 1
3704 1
3705 1
3706 1
3707 1
3708 1
3709 2
3710 2
3711 2
3712 2
3713 2
3714 2
3715 2
3716 2
3717 2
3718 2
3719 1
3720 2
3721 0
3722 3
3723 3
3724 3
3725 3
3726 3
3727 3
3728 3
3729 3
3730 3
3731 1
3732 0
3733 2
3734 2
3735 2
3736 1
3737 2
3738 4
3739 4
3740 3
3741 0
3742 0
3743 3
3744 0
3745 0
3746 2
3747 2
3748 2
3749 2
3750 2
3751 0
3752 2
3753 0
3754 0
3755 1
3756 2
3757 3
3758 3
3759 0
3760 3
3761 0
3762 0
3763 3
3764 3
3765 3
3766 3
3767 3
3768 3
3769 3
3770 3
3771 3
3772 3
3773 0
3774 0
3775 0
3776 0
3777 2
3778 2
3779 2
3780 3
3781 3
3782 3
3783 3
3784 3
3785 3
3786 3
3787 1
3788 1
3789 1
3790 4
3791 0
3792 4
3793 0
3794 0
3795 0
3796 0
3797 0
3798 3
3799 0
3800 0
3801 0
3802 0
3803 0
3804 0
3805 2
3806 2
3807 2
3808 1
3809 2
3810 2
3811 2
3812 2
3813 2
3814 2
3815 2
3816 2
3817 2
3818 2
3819 0
3820 0
3821 0
3822 0
3823 0
3824 2
3825 2
3826 2
3827 2
3828 2
3829 2
3830 2
3831 1
3832 1
3833 1
3834 2
3835 1
3836 0
3837 0
3838 0
3839 0
3840 0
3841 0
3842 0
3843 0
3844 0
3845 2
3846 2
3847 2
3848 2
3849 1
3850 1
3851 1
3852 3
3853 0
3854 3
3855 3
3856 3
3857 3
3858 3
3859 3
3860 3
3861 3
3862 3
3863 3
3864 3
3865 3
3866 3
3867 3
3868 0
3869 3
3870 3
3871 3
3872 3
3873 3
3874 3
3875 3
3876 3
3877 3
3878 3
3879 0
3880 0
3881 2
3882 2
3883 2
3884 0
3885 0
3886 2
3887 2
3888 2
3889 0
3890 0
3891 1
3892 0
3893 0
3894 0
3895 0
3896 0
3897 0
3898 0
3899 0
3900 0
3901 0
3902 0
3903 0
3904 0
3905 0
3906 0
3907 0
3908 3
3909 3
3910 3
3911 3
3912 3
3913 0
3914 3
3915 3
3916 3
3917 3
3918 0
3919 3
3920 3
3921 3
3922 0
3923 0
3924 0
3925 2
3926 0
3927 0
3928 2
3929 0
3930 0
3931 0
3932 3
3933 3
3934 3
3935 3
3936 3
3937 3
3938 3
3939 3
3940 3
3941 3
3942 3
3943 3
3944 3
3945 3
3946 0
3947 0
3948 0
3949 1
3950 1
3951 4
3952 1
3953 1
3954 1
3955 1
3956 2
3957 2
3958 4
3959 0
3960 2
3961 3
3962 3
3963 3
3964 3
3965 2
3966 2
3967 2
3968 2
3969 2
3970 2
3971 1
3972 0
3973 2
3974 2
3975 2
3976 2
3977 2
3978 2
3979 2
3980 1
3981 2
3982 2
3983 2
3984 1
3985 1
3986 1
3987 1
3988 1
3989 1
3990 1
3991 1
3992 1
3993 1
3994 4
3995 3
3996 3
3997 0
3998 0
3999 0
4000 0
4001 0
4002 0
4003 0
4004 0
4005 0
4006 0
4007 0
4008 0
4009 0
4010 0
4011 0
4012 0
4013 0
4014 0
4015 0
4016 2
4017 1
4018 1
4019 3
4020 3
4021 3
4022 3
4023 3
4024 0
4025 3
4026 3
4027 0
4028 3
4029 2
4030 2
4031 2
4032 2
4033 2
4034 2
4035 2
4036 1
4037 3
4038 2
4039 3
4040 0
4041 0
4042 3
4043 3
4044 0
4045 0
4046 0
4047 0
4048 0
4049 1
4050 1
4051 1
4052 1
4053 1
4054 3
4055 3
4056 0
4057 1
4058 1
4059 1
4060 1
4061 1
4062 3
4063 2
4064 3
4065 3
4066 3
4067 3
4068 0
4069 0
4070 3
4071 0
4072 3
4073 3
4074 3
4075 3
4076 0
4077 3
4078 3
4079 3
4080 0
4081 0
4082 0
4083 3
4084 3
4085 3
4086 3
4087 0
4088 3
4089 3
4090 3
4091 3
4092 3
4093 2
4094 0
4095 2
4096 2
4097 2
4098 2
4099 2
4100 2
4101 2
4102 2
4103 2
4104 1
4105 1
4106 1
4107 0
4108 3
4109 0
4110 0
4111 3
4112 0
4113 3
4114 3
4115 3
4116 0
4117 3
4118 0
4119 0
4120 1
4121 2
4122 2
4123 1
4124 1
4125 1
4126 1
4127 1
4128 4
4129 4
4130 4
4131 1
4132 2
4133 2
4134 1
4135 1
4136 2
4137 1
4138 1
4139 1
4140 2
4141 0
4142 0
4143 0
4144 0
4145 0
4146 0
4147 0
4148 0
4149 0
4150 0
4151 0
4152 0
4153 0
4154 0
4155 0
4156 0
4157 0
4158 0
4159 0
4160 0
4161 0
4162 0
4163 0
4164 0
4165 2
4166 2
4167 2
4168 2
4169 2
4170 2
4171 2
4172 2
4173 2
4174 3
4175 3
4176 3
4177 3
4178 3
4179 3
4180 3
4181 3
4182 4
4183 0
4184 1
4185 1
4186 1
4187 1
4188 0
4189 1
4190 4
4191 0
4192 3
4193 3
4194 3
4195 3
4196 3
4197 3
4198 0
4199 2
4200 2
4201 2
4202 4
4203 4
4204 4
4205 4
4206 4
4207 4
4208 4
4209 2
4210 1
4211 4
4212 1
4213 1
4214 1
4215 0
4216 3
4217 4
4218 4
4219 2
4220 2
4221 2
4222 2
4223 2
4224 2
4225 2
4226 2
4227 1
4228 0
4229 2
4230 2
4231 2
4232 2
4233 2
4234 2
4235 1
4236 1
4237 1
4238 1
4239 1
4240 4
4241 4
4242 4
4243 4
4244 4
4245 4
4246 4
4247 4
4248 4
4249 0
4250 1
4251 2
4252 2
4253 0
4254 0
4255 3
4256 3
4257 0
4258 3
4259 0
4260 0
4261 3
4262 3
4263 3
4264 3
4265 3
4266 3
4267 0
4268 0
4269 3
4270 1
4271 1
4272 1
4273 0
4274 2
4275 4
4276 4
4277 2
4278 3
4279 3
4280 3
4281 3
4282 3
4283 3
4284 3
4285 3
4286 3
4287 3
4288 3
4289 3
4290 3
4291 3
4292 3
4293 3
4294 3
4295 3
4296 3
4297 3
4298 3
4299 3
4300 3
4301 3
4302 3
4303 3
4304 3
4305 3
4306 3
4307 3
4308 3
4309 3
4310 3
4311 0
4312 1
4313 2
4314 1
4315 1
4316 1
4317 1
4318 0
4319 0
4320 2
4321 2
4322 2
4323 2
4324 2
4325 2
4326 2
4327 2
4328 2
4329 2
4330 2
4331 3
4332 0
4333 0
4334 0
4335 0
4336 0
4337 0
4338 0
4339 0
4340 0
4341 3
4342 3
4343 4
4344 0
4345 2
4346 3
4347 2
4348 2
4349 2
4350 4
4351 4
4352 1
4353 2
4354 0
4355 0
4356 0
4357 3
4358 0
4359 0
4360 2
4361 3
4362 3
4363 3
4364 3
4365 3
4366 3
4367 3
4368 3
4369 3
4370 3
4371 3
4372 3
4373 3
4374 3
4375 3
4376 3
4377 3
4378 3
4379 3
4380 3
4381 3
4382 3
4383 3
4384 3
4385 3
4386 3
4387 3
4388 3
4389 3
4390 3
4391 3
4392 0
4393 3
4394 3
4395 3
4396 3
4397 3
4398 3
4399 3
4400 3
4401 3
4402 3
4403 1
4404 1
4405 1
4406 1
4407 1
4408 2
4409 1
4410 1
4411 1
4412 1
4413 0
4414 2
4415 2
4416 2
4417 2
4418 2
4419 2
4420 2
4421 2
4422 2
4423 2
4424 3
4425 3
4426 3
4427 1
4428 1
4429 1
4430 1
4431 3
4432 2
4433 2
4434 1
4435 2
4436 2
4437 2
4438 2
4439 2
4440 2
4441 2
4442 2
4443 2
4444 2
4445 2
4446 0
4447 2
4448 2
4449 3
4450 3
4451 3
4452 4
4453 4
4454 4
4455 4
4456 4
4457 4
4458 4
4459 4
4460 4
4461 4
4462 4
4463 4
4464 4
4465 2
4466 0
4467 2
4468 1
4469 2
4470 1
4471 1
4472 1
4473 1
4474 1
4475 1
4476 1
4477 1
4478 1
4479 1
4480 1
4481 1
4482 1
4483 2
4484 2
4485 2
4486 0
4487 3
4488 1
4489 1
4490 1
4491 0
4492 1
4493 1
4494 2
4495 2
4496 1
4497 2
4498 0
4499 0
4500 0
4501 0
4502 0
4503 0
4504 1
4505 0
4506 2
4507 2
4508 2
4509 3
4510 2
4511 1
4512 0
4513 0
4514 0
4515 0
4516 3
4517 1
4518 1
4519 1
4520 1
4521 0
4522 4
4523 0
4524 0
4525 0
4526 3
4527 3
4528 3
4529 3
4530 3
4531 3
4532 3
4533 3
4534 0
4535 1
4536 1
4537 1
4538 2
4539 2
4540 3
4541 2
4542 2
4543 2
4544 0
4545 0
4546 0
4547 3
4548 1
4549 1
4550 1
4551 1
4552 1
4553 1
4554 0
4555 0
4556 0
4557 0
4558 4
4559 3
4560 1
4561 0
4562 4
4563 3
4564 3
4565 3
4566 3
4567 3
4568 3
4569 3
4570 3
4571 3
4572 3
4573 0
4574 0
4575 0
4576 0
4577 0
4578 0
4579 2
4580 4
4581 4
4582 0
4583 0
4584 0
4585 0
4586 0
4587 0
4588 3
4589 0
4590 0
4591 0
4592 0
4593 0
4594 0
4595 0
4596 3
4597 0
4598 0
4599 0
4600 0
4601 0
4602 0
4603 0
4604 3
4605 3
4606 1
4607 1
4608 1
4609 1
4610 1
4611 2
4612 2
4613 2
4614 2
4615 2
4616 0
4617 2
4618 2
4619 2
4620 2
4621 2
4622 2
4623 2
4624 2
4625 2
4626 2
4627 2
4628 2
4629 2
4630 2
4631 2
4632 2
4633 2
4634 2
4635 1
4636 2
4637 2
4638 2
4639 4
4640 4
4641 2
4642 2
4643 3
4644 3
4645 0
4646 1
4647 1
4648 1
4649 1
4650 2
4651 2
4652 2
4653 0
4654 0
4655 0
4656 2
4657 4
4658 4
4659 4
4660 4
4661 4
4662 4
4663 4
4664 4
4665 1
4666 1
4667 0
4668 0
4669 0
4670 0
4671 0
4672 0
4673 0
4674 0
4675 0
4676 0
4677 1
4678 1
4679 1
4680 0
4681 1
4682 1
4683 1
4684 1
4685 1
4686 1
4687 1
4688 1
4689 1
4690 1
4691 1
4692 1
4693 1
4694 1
4695 1
4696 1
4697 1
4698 1
4699 1
4700 1
4701 1
4702 1
4703 1
4704 1
4705 1
4706 4
4707 1
4708 1
4709 1
4710 1
4711 1
4712 1
4713 1
4714 1
4715 1
4716 3
4717 3
4718 3
4719 1
4720 1
4721 1
4722 1
4723 1
4724 1
4725 1
4726 1
4727 1
4728 1
4729 1
4730 1
4731 1
4732 1
4733 1
4734 1
4735 1
4736 1
4737 1
4738 1
4739 1
4740 1
4741 1
4742 1
4743 1
4744 1
4745 1
4746 1
4747 1
4748 1
4749 1
4750 1
4751 1
4752 1
4753 1
4754 1
4755 1
4756 1
4757 2
4758 2
4759 2
4760 2
4761 2
4762 2
4763 1
4764 1
4765 1
4766 1
4767 1
4768 1
4769 1
4770 1
4771 1
4772 1
4773 1
4774 1
4775 1
4776 1
4777 1
4778 1
4779 1
4780 1
4781 1
4782 1
4783 1
4784 1
4785 1
4786 1
4787 1
4788 1
4789 1
4790 1
4791 1
4792 1
4793 1
4794 1
4795 1
4796 1
4797 1
4798 1
4799 1
4800 0
4801 1
4802 1
4803 1
4804 1
4805 1
4806 2
4807 0
4808 0
4809 3
4810 3
4811 0
4812 0
4813 0
4814 3
4815 3
4816 3
4817 0
4818 0
4819 0
4820 0
4821 0
4822 1
4823 4
4824 0
4825 1
4826 1
4827 1
4828 1
4829 1
4830 1
4831 1
4832 1
4833 1
4834 1
4835 1
4836 1
4837 1
4838 1
4839 0
4840 0
4841 0
4842 0
4843 0
4844 0
4845 0
4846 0
4847 0
4848 0
4849 0
4850 0
4851 0
4852 0
4853 0
4854 0
4855 0
4856 0
4857 0
4858 0
4859 1
4860 3
4861 3
4862 3
4863 3
4864 3
4865 3
4866 3
4867 3
4868 3
4869 3
4870 3
4871 3
4872 2
4873 2
4874 2
4875 2
4876 1
4877 1
4878 2
4879 2
4880 2
4881 2
4882 0
4883 0
4884 0
4885 0
4886 0
4887 0
4888 1
4889 1
4890 1
4891 1
4892 1
4893 1
4894 1
4895 1
4896 3
4897 3
4898 3
4899 3
4900 3
4901 3
4902 3
4903 2
4904 1
4905 1
4906 1
4907 1
4908 4
4909 4
4910 4
4911 4
4912 2
4913 2
4914 2
4915 2
4916 2
4917 2
4918 2
4919 2
4920 2
4921 2
4922 2
4923 2
4924 2
4925 2
4926 2
4927 2
4928 2
4929 2
4930 2
4931 2
4932 2
4933 2
4934 2
4935 2
4936 2
4937 2
4938 2
4939 2
4940 2
4941 2
4942 0
4943 0
4944 0
4945 2
4946 0
4947 0
4948 3
4949 0
4950 0
4951 0
4952 0
4953 0
4954 0
4955 3
4956 0
4957 1
4958 1
4959 1
4960 1
4961 1
4962 1
4963 1
4964 1
4965 0
4966 1
4967 1
4968 1
4969 1
4970 1
4971 1
4972 1
4973 1
4974 1
4975 1
4976 1
4977 1
4978 1
4979 1
4980 1
4981 1
4982 1
4983 1
4984 0
4985 3
4986 3
4987 3
4988 3
4989 3
4990 3
4991 1
4992 1
4993 1
4994 1
4995 1
4996 1
4997 4
4998 3
4999 4
5000 4
5001 4
5002 2
5003 2
5004 2
5005 2
5006 2
5007 0
5008 0
5009 0
5010 0
5011 0
5012 0
5013 0
5014 2
5015 2
5016 2
5017 0
5018 0
5019 0
5020 0
5021 1
5022 1
5023 0
5024 0
5025 3
5026 1
5027 1
5028 1
5029 1
5030 1
5031 1
5032 2
5033 1
5034 1
5035 1
5036 1
5037 2
5038 2
5039 2
5040 2
5041 2
5042 2
5043 2
5044 2
5045 2
5046 2
5047 2
5048 1
5049 1
5050 1
5051 4
5052 2
5053 1
5054 1
5055 1
5056 1
5057 1
5058 1
5059 1
5060 1
5061 1
5062 1
5063 2
5064 0
5065 0
5066 0
5067 0
5068 0
5069 0
5070 3
5071 3
5072 3
5073 2
5074 0
5075 3
5076 3
5077 3
5078 3
5079 3
5080 3
5081 3
5082 3
5083 3
5084 3
5085 3
5086 3
5087 3
5088 3
5089 1
5090 1
5091 1
5092 1
5093 1
5094 4
5095 1
5096 1
5097 1
5098 1
5099 1
5100 1
5101 1
5102 1
5103 1
5104 1
5105 1
5106 1
5107 0
5108 0
5109 0
5110 0
5111 0
5112 1
5113 1
5114 1
5115 1
5116 4
5117 4
5118 4
5119 1
5120 4
5121 0
5122 3
5123 0
5124 0
5125 0
5126 0
5127 3
5128 0
5129 3
5130 3
5131 4
5132 3
5133 3
5134 3
5135 0
5136 0
5137 0
5138 0
5139 0
5140 0
5141 3
5142 3
5143 1
5144 1
5145 4
5146 4
5147 4
5148 2
5149 2
5150 2
5151 2
5152 2
5153 1
5154 1
5155 1
5156 1
5157 1
5158 1
5159 1
5160 1
5161 1
5162 1
5163 1
5164 1
5165 1
5166 1
5167 1
5168 1
5169 1
5170 1
5171 3
5172 3
5173 3
5174 1
5175 1
5176 0
5177 1
5178 1
5179 1
5180 1
5181 1
5182 1
5183 1
5184 1
5185 1
5186 1
5187 1
5188 1
5189 1
5190 1
5191 1
5192 1
5193 1
5194 1
5195 1
5196 1
5197 1
5198 2
5199 2
5200 1
5201 1
5202 1
5203 1
5204 1
5205 1
5206 1
5207 1
5208 1
5209 1
5210 1
5211 1
5212 1
5213 1
5214 0
5215 1
5216 2
5217 2
5218 2
5219 2
5220 2
5221 2
5222 2
5223 2
5224 2
5225 2
5226 2
5227 2
5228 2
5229 2
5230 2
5231 1
5232 1
5233 1
5234 1
5235 0
5236 0
5237 0
5238 1
5239 1
5240 0
5241 0
5242 0
5243 0
5244 0
5245 0
5246 1
5247 1
5248 1
5249 1
5250 1
5251 1
5252 1
5253 1
5254 4
5255 2
5256 2
5257 2
5258 1
5259 1
5260 1
5261 1
5262 1
5263 0
5264 0
5265 0
5266 0
5267 0
5268 0
5269 2
5270 1
5271 0
5272 2
5273 1
5274 1
5275 1
5276 1
5277 1
5278 1
5279 2
5280 2
5281 3
5282 3
5283 1
5284 1
5285 1
5286 1
5287 1
5288 1
5289 1
5290 1
5291 1
5292 1
5293 1
5294 1
5295 1
5296 1
5297 1
5298 1
5299 1
5300 1
5301 1
5302 2
5303 2
5304 2
5305 1
5306 1
5307 1
5308 1
5309 1
5310 1
5311 1
5312 1
5313 1
5314 1
5315 1
5316 1
5317 3
5318 3
5319 3
5320 3
5321 3
5322 3
5323 3
5324 3
5325 3
5326 3
5327 3
5328 3
5329 3
5330 3
5331 0
5332 3
5333 3
5334 2
5335 2
5336 2
5337 2
5338 0
5339 2
5340 2
5341 2
5342 2
5343 2
5344 1
5345 1
5346 4
5347 4
5348 4
5349 4
5350 4
5351 4
5352 4
5353 2
5354 0
5355 3
5356 1
5357 1
5358 1
5359 1
5360 1
5361 1
5362 1
5363 1
5364 1
5365 1
5366 1
5367 1
5368 1
5369 1
5370 1
5371 1
5372 1
5373 1
5374 1
5375 1
5376 1
5377 1
5378 1
5379 1
5380 1
5381 1
5382 1
5383 1
5384 1
5385 1
5386 1
5387 1
5388 1
5389 1
5390 2
5391 2
5392 2
5393 2
5394 2
5395 3
5396 3
5397 3
5398 3
5399 3
5400 3
5401 3
5402 3
5403 3
5404 3
5405 3
5406 3
5407 3
5408 3
5409 1
5410 0
5411 4
5412 4
5413 4
5414 4
5415 4
5416 4
5417 4
5418 1
5419 4
5420 0
5421 0
5422 0
5423 0
5424 0
5425 2
5426 2
5427 2
5428 0
5429 4
5430 4
5431 4
5432 4
5433 4
5434 4
5435 4
5436 4
5437 0
5438 1
5439 1
5440 1
5441 1
5442 1
5443 1
5444 1
5445 1
5446 1
5447 1
5448 1
5449 1
5450 1
5451 1
5452 1
5453 1
5454 1
5455 1
5456 1
5457 1
5458 1
5459 1
5460 1
5461 1
5462 1
5463 1
5464 1
5465 1
5466 1
5467 1
5468 1
5469 1
5470 1
5471 1
5472 1
5473 1
5474 1
5475 1
5476 1
5477 1
5478 1
5479 3
5480 3
5481 3
5482 3
5483 2
5484 2
5485 2
5486 2
5487 2
5488 2
5489 2
5490 2
5491 2
5492 2
5493 2
5494 2
5495 3
5496 3
5497 3
5498 3
5499 3
5500 3
5501 3
5502 0
5503 1
5504 1
5505 1
5506 1
5507 1
5508 1
5509 1
5510 1
5511 1
5512 1
5513 1
5514 1
5515 1
5516 1
5517 1
5518 1
5519 1
5520 0
5521 1
5522 1
5523 1
5524 1
5525 1
5526 3
5527 3
5528 0
5529 0
5530 0
5531 0
5532 0
5533 0
5534 0
5535 1
5536 1
5537 1
5538 1
5539 1
5540 2
5541 2
5542 2
5543 2
5544 2
5545 1
5546 2
5547 0
5548 0
5549 0
5550 0
5551 0
5552 0
5553 4
5554 4
5555 4
5556 4
5557 4
5558 4
5559 4
5560 4
5561 2
5562 1
5563 1
5564 1
5565 1
5566 1
5567 1
5568 1
5569 1
5570 1
5571 1
5572 1
5573 1
5574 1
5575 4
5576 2
5577 2
5578 2
5579 2
5580 2
5581 2
5582 2
5583 2
5584 2
5585 2
5586 2
5587 0
5588 1
5589 1
5590 3
5591 3
5592 3
5593 3
5594 3
5595 3
5596 3
5597 3
5598 3
5599 3
5600 3
5601 3
5602 3
5603 3
5604 3
5605 3
5606 3
5607 3
5608 3
5609 3
5610 3
5611 3
5612 3
5613 1
5614 1
5615 1
5616 1
5617 1
5618 1
5619 0
5620 3
5621 3
5622 3
5623 3
5624 3
5625 3
5626 3
5627 2
5628 3
5629 3
5630 3
5631 3
5632 1
5633 0
5634 2
5635 2
5636 2
5637 2
5638 1
5639 1
5640 1
5641 1
5642 4
5643 4
5644 4
5645 4
5646 4
5647 4
5648 0
5649 0
5650 0
5651 0
5652 2
5653 2
5654 1
5655 1
5656 1
5657 1
5658 1
5659 2
5660 2
5661 2
5662 2
5663 2
5664 0
5665 2
5666 2
5667 2
5668 2
5669 2
5670 1
5671 4
5672 4
5673 1
5674 2
5675 1
5676 1
5677 0
5678 0
5679 4
5680 4
5681 4
5682 1
5683 1
5684 0
5685 3
5686 3
5687 3
5688 3
5689 3
5690 3
5691 3
5692 3
5693 3
5694 3
5695 3
5696 3
5697 2
5698 2
5699 2
5700 1
5701 4
5702 0
5703 1
5704 2
5705 2
5706 2
5707 2
5708 2
5709 2
5710 3
5711 0
5712 0
5713 1
5714 1
5715 1
5716 1
5717 1
5718 0
5719 2
5720 2
5721 2
5722 0
5723 0
5724 0
5725 2
5726 2
5727 2
5728 2
5729 2
5730 0
5731 0
5732 0
5733 0
5734 0
5735 3
5736 0
5737 0
5738 0
5739 0
5740 0
5741 3
5742 0
5743 0
5744 0
5745 1
5746 1
5747 1
5748 1
5749 1
5750 1
5751 3
5752 3
5753 0
5754 0
5755 2
5756 1
5757 1
5758 1
5759 1
5760 1
5761 1
5762 1
5763 1
5764 1
5765 1
5766 1
5767 2
5768 3
5769 3
5770 1
5771 1
5772 1
5773 1
5774 1
5775 1
5776 1
5777 2
5778 1
5779 1
5780 1
5781 1
5782 1
5783 1
5784 1
5785 1
5786 1
5787 1
5788 1
5789 0
5790 0
5791 0
5792 0
5793 0
5794 0
5795 0
5796 0
5797 2
5798 2
5799 3
5800 3
5801 3
5802 3
5803 3
5804 3
5805 3
5806 3
5807 3
5808 3
5809 3
5810 3
5811 3
5812 3
5813 3
5814 3
5815 3
5816 3
5817 3
5818 3
5819 3
5820 3
5821 2
5822 2
5823 2
5824 2
5825 2
5826 2
5827 0
5828 2
5829 0
5830 0
5831 0
5832 0
5833 0
5834 1
5835 1
5836 0
5837 0
5838 0
5839 0
5840 3
5841 1
5842 1
5843 1
5844 3
5845 1
5846 1
5847 1
5848 1
5849 2
5850 2
5851 2
5852 2
5853 2
5854 2
5855 2
5856 2
5857 2
5858 1
5859 4
5860 0
5861 0
5862 3
5863 3
5864 3
5865 3
5866 3
5867 3
5868 3
5869 3
5870 3
5871 3
5872 3
5873 2
5874 2
5875 2
5876 2
5877 2
5878 4
5879 0
5880 0
5881 0
5882 2
5883 4
5884 1
5885 1
5886 1
5887 1
5888 1
5889 1
5890 1
5891 1
5892 1
5893 1
5894 1
5895 1
5896 1
5897 1
5898 1
5899 1
5900 2
5901 0
5902 2
5903 3
5904 2
5905 2
5906 2
5907 0
5908 0
5909 0
5910 0
5911 0
5912 0
5913 1
5914 1
5915 4
5916 2
5917 2
5918 2
5919 2
5920 2
5921 2
5922 2
5923 2
5924 2
5925 2
5926 2
5927 2
5928 2
5929 2
5930 2
5931 2
5932 2
5933 4
5934 4
5935 4
5936 4
5937 4
5938 4
5939 4
5940 2
5941 2
5942 2
5943 2
5944 2
5945 2
5946 2
5947 2
5948 2
5949 0
5950 0
5951 0
5952 0
5953 0
5954 0
5955 0
5956 0
5957 4
5958 4
5959 4
5960 4
5961 4
5962 4
5963 0
5964 0
5965 0
5966 0
5967 0
5968 0
5969 0
5970 0
5971 4
5972 4
5973 4
5974 4
5975 4
5976 4
5977 4
5978 4
5979 4
5980 1
5981 1
5982 2
5983 2
5984 0
5985 0
5986 0
5987 0
5988 1
5989 1
5990 1
5991 2
5992 2
5993 1
5994 0
5995 0
5996 0
5997 0
5998 0
5999 0
6000 0
6001 0
6002 0
6003 0
6004 0
6005 0
6006 0
6007 0
6008 0
6009 0
6010 0
6011 0
6012 2
6013 2
6014 2
6015 1
6016 1
6017 1
6018 2
6019 2
6020 2
6021 2
6022 2
6023 2
6024 2
6025 0
6026 0
6027 0
6028 0
6029 2
6030 2
6031 2
6032 0
6033 0
6034 0
6035 0
6036 1
6037 2
6038 1
6039 1
6040 1
6041 1
6042 1
6043 1
6044 1
6045 1
6046 1
6047 1
6048 0
6049 0
6050 0
6051 0
6052 0
6053 0
6054 3
6055 0
6056 2
6057 2
6058 1
6059 1
6060 1
6061 2
6062 2
6063 2
6064 0
6065 0
6066 3
6067 2
6068 2
6069 2
6070 2
6071 2
6072 2
6073 2
6074 2
6075 2
6076 2
6077 1
6078 0
6079 4
6080 2
6081 1
6082 1
6083 1
6084 1
6085 1
6086 1
6087 1
6088 1
6089 1
6090 1
6091 4
6092 3
6093 3
6094 3
6095 0
6096 2
6097 3
6098 0
6099 0
6100 0
6101 0
6102 0
6103 2
6104 2
6105 2
6106 2
6107 2
6108 2
6109 2
6110 2
6111 2
6112 2
6113 2
6114 2
6115 2
6116 4
6117 4
6118 4
6119 4
6120 1
6121 1
6122 1
6123 1
6124 1
6125 1
6126 0
6127 2
6128 4
6129 4
6130 0
6131 3
6132 3
6133 3
6134 3
6135 3
6136 3
6137 3
6138 3
6139 0
6140 0
6141 0
6142 0
6143 1
6144 1
6145 3
6146 3
6147 0
6148 0
6149 1
6150 1
6151 0
6152 1
6153 1
6154 1
6155 1
6156 3
6157 3
6158 3
6159 3
6160 3
6161 3
6162 3
6163 3
6164 3
6165 3
6166 3
6167 3
6168 0
6169 3
6170 3
6171 3
6172 3
6173 3
6174 3
6175 3
6176 3
6177 3
6178 3
6179 3
6180 3
6181 3
6182 3
6183 3
6184 3
6185 3
6186 3
6187 3
6188 3
6189 3
6190 1
6191 1
6192 1
6193 1
6194 1
6195 1
6196 1
6197 1
6198 1
6199 1
6200 1
6201 1
6202 1
6203 1
6204 1
6205 1
6206 1
6207 1
6208 1
6209 1
6210 1
6211 1
6212 1
6213 1
6214 1
6215 1
6216 1
6217 1
6218 1
6219 1
6220 1
6221 1
6222 1
6223 1
6224 1
6225 1
6226 1
6227 1
6228 1
6229 1
6230 1
6231 1
6232 1
6233 1
6234 1
6235 1
6236 1
6237 1
6238 1
6239 1
6240 1
6241 1
6242 1
6243 1
6244 1
6245 1
6246 1
6247 1
6248 1
6249 1
6250 1
6251 0
6252 0
6253 2
6254 2
6255 2
6256 2
6257 2
6258 0
6259 0
6260 1
6261 1
6262 1
6263 1
6264 1
6265 2
6266 3
6267 3
6268 3
6269 3
6270 3
6271 3
6272 3
6273 3
6274 3
6275 3
6276 3
6277 3
6278 3
6279 3
6280 3
6281 3
6282 3
6283 3
6284 3
6285 3
6286 3
6287 3
6288 3
6289 3
6290 3
6291 3
6292 2
6293 2
6294 2
6295 2
6296 2
6297 4
6298 1
6299 1
6300 1
6301 1
6302 1
6303 1
6304 0
6305 2
6306 2
6307 2
6308 3
6309 3
6310 3
6311 1
6312 4
6313 4
6314 1
6315 2
6316 2
6317 4
6318 4
6319 4
6320 4
6321 1
6322 1
6323 1
6324 1
6325 1
6326 3
6327 3
6328 3
6329 2
6330 4
6331 4
6332 4
6333 3
6334 1
6335 1
6336 1
6337 1
6338 1
6339 1
6340 1
6341 1
6342 4
6343 4
6344 2
6345 4
6346 4
6347 4
6348 4
6349 4
6350 4
6351 4
6352 4
6353 4
6354 0
6355 0
6356 0
6357 0
6358 0
6359 2
6360 1
6361 0
6362 0
6363 0
6364 0
6365 0
6366 0
6367 0
6368 0
6369 0
6370 0
6371 0
6372 0
6373 0
6374 0
6375 0
6376 0
6377 2
6378 2
6379 1
6380 2
6381 0
6382 0
6383 0
6384 0
6385 0
6386 1
6387 1
6388 1
6389 1
6390 1
6391 0
6392 2
6393 2
6394 2
6395 3
6396 3
6397 3
6398 3
6399 2
6400 1
6401 1
6402 1
6403 1
6404 1
6405 1
6406 1
6407 1
6408 1
6409 1
6410 1
6411 0
6412 2
6413 2
6414 2
6415 2
6416 2
6417 2
6418 2
6419 2
6420 2
6421 2
6422 0
6423 0
6424 0
6425 2
6426 1
6427 1
6428 1
6429 1
6430 1
6431 1
6432 1
6433 4
6434 1
6435 3
6436 2
6437 0
6438 0
6439 0
6440 2
6441 2
6442 2
6443 2
6444 2
6445 2
6446 2
6447 0
6448 3
6449 3
6450 3
6451 3
6452 4
6453 1
6454 1
6455 1
6456 0
6457 4
6458 4
6459 4
6460 4
6461 4
6462 4
6463 4
6464 4
6465 1
6466 0
6467 4
6468 1
6469 1
6470 1
6471 0
6472 4
6473 4
6474 4
6475 4
6476 4
6477 4
6478 2
6479 2
6480 2
6481 2
6482 4
6483 0
6484 0
6485 0
6486 0
6487 0
6488 0
6489 0
6490 3
6491 3
6492 3
6493 3
6494 2
6495 1
6496 2
6497 2
6498 2
6499 2
6500 2
6501 2
6502 2
6503 2
6504 0
6505 2
6506 2
6507 2
6508 2
6509 2
6510 1
6511 1
6512 2
6513 2
6514 2
6515 1
6516 0
6517 0
6518 1
6519 1
6520 1
6521 1
6522 1
6523 3
6524 0
6525 1
6526 1
6527 1
6528 1
6529 1
6530 1
6531 1
6532 1
6533 1
6534 1
6535 1
6536 1
6537 1
6538 1
6539 1
6540 1
6541 1
6542 1
6543 1
6544 1
6545 1
6546 1
6547 1
6548 4
6549 1
6550 1
6551 1
6552 2
6553 2
6554 2
6555 2
6556 2
6557 2
6558 2
6559 2
6560 2
6561 2
6562 2
6563 0
6564 0
6565 0
6566 4
6567 4
6568 4
6569 1
6570 1
6571 1
6572 2
6573 1
6574 1
6575 2
6576 2
6577 2
6578 0
6579 0
6580 4
6581 4
6582 4
6583 2
6584 2
6585 2
6586 4
6587 4
6588 4
6589 4
6590 2
6591 2
6592 2
6593 2
6594 3
6595 3
6596 3
6597 3
6598 1
6599 0
6600 3
6601 0
6602 0
6603 0
6604 2
6605 4
6606 4
6607 2
6608 2
6609 2
6610 2
6611 1
6612 1
6613 1
6614 1
6615 1
6616 1
6617 1
6618 1
6619 1
6620 1
6621 0
6622 0
6623 4
6624 4
6625 4
6626 1
6627 2
6628 2
6629 2
6630 2
6631 0
6632 0
6633 0
6634 0
6635 0
6636 0
6637 0
6638 0
6639 0
6640 0
6641 3
6642 3
6643 0
6644 0
6645 0
6646 3
6647 3
6648 2
6649 2
6650 2
6651 2
6652 2
6653 2
6654 2
6655 2
6656 2
6657 2
6658 2
6659 2
6660 2
6661 2
6662 2
6663 2
6664 1
6665 1
6666 2
6667 2
6668 2
6669 2
6670 3
6671 0
6672 2
6673 2
6674 2
6675 2
6676 2
6677 2
6678 2
6679 2
6680 2
6681 2
6682 0
6683 0
6684 0
6685 0
6686 2
6687 2
6688 2
6689 2
6690 2
6691 2
6692 2
6693 1
6694 1
6695 1
6696 0
6697 0
6698 0
6699 0
6700 0
6701 2
6702 2
6703 2
6704 1
6705 1
6706 4
6707 0
6708 4
6709 4
6710 4
6711 4
6712 4
6713 4
6714 4
6715 4
6716 4
6717 4
6718 4
6719 4
6720 4
6721 4
6722 4
6723 4
6724 4
6725 0
6726 0
6727 0
6728 0
6729 0
6730 0
6731 1
6732 1
6733 1
6734 1
6735 1
6736 1
6737 1
6738 1
6739 1
6740 1
6741 1
6742 1
6743 1
6744 1
6745 1
6746 1
6747 1
6748 1
6749 1
6750 1
6751 1
6752 1
6753 2
6754 1
6755 1
6756 1
6757 4
6758 1
6759 1
6760 1
6761 1
6762 0
6763 0
6764 2
6765 2
6766 2
6767 2
6768 2
6769 2
6770 1
6771 0
6772 0
6773 1
6774 2
6775 2
6776 2
6777 2
6778 2
6779 2
6780 2
6781 2
6782 2
6783 0
6784 4
6785 3
6786 1
6787 0
6788 0
6789 2
6790 2
6791 2
6792 2
6793 2
6794 1
6795 1
6796 4
6797 3
6798 3
6799 3
6800 2
6801 2
6802 2
6803 2
6804 1
6805 1
6806 1
6807 1
6808 1
6809 1
6810 1
6811 1
6812 1
6813 1
6814 1
6815 1
6816 1
6817 1
6818 1
6819 1
6820 4
6821 0
6822 0
6823 0
6824 1
6825 0
6826 0
6827 0
6828 1
6829 1
6830 1
6831 1
6832 1
6833 1
6834 1
6835 1
6836 1
6837 1
6838 1
6839 1
6840 1
6841 1
6842 1
6843 1
6844 1
6845 1
6846 1
6847 1
6848 1
6849 1
6850 1
6851 1
6852 1
6853 1
6854 1
6855 0
6856 0
6857 0
6858 0
6859 1
6860 1
6861 4
6862 0
6863 1
6864 1
6865 1
6866 1
6867 1
6868 1
6869 1
6870 1
6871 0
6872 0
6873 2
6874 2
6875 2
6876 2
6877 4
6878 1
6879 1
6880 1
6881 0
6882 0
6883 2
6884 0
6885 0
6886 1
6887 1
6888 1
6889 1
6890 1
6891 4
6892 0
6893 0
6894 0
6895 0
6896 0
6897 0
6898 2
6899 2
6900 4
6901 1
6902 2
6903 2
6904 2
6905 2
6906 2
6907 2
6908 4
6909 4
6910 4
6911 4
6912 4
6913 2
6914 2
6915 2
6916 2
6917 2
6918 2
6919 2
6920 1
6921 1
6922 0
6923 0
6924 0
6925 1
6926 1
6927 1
6928 1
6929 2
6930 2
6931 2
6932 2
6933 2
6934 2
6935 2
6936 2
6937 2
6938 2
6939 2
6940 0
6941 0
6942 0
6943 0
6944 0
6945 0
6946 0
6947 0
6948 1
6949 1
6950 1
6951 1
6952 1
6953 4
6954 1
6955 1
6956 1
6957 1
6958 1
6959 4
6960 4
6961 2
6962 1
6963 1
6964 1
6965 1
6966 1
6967 1
6968 1
6969 1
6970 1
6971 1
6972 1
6973 1
6974 1
6975 1
6976 1
6977 1
6978 0
6979 0
6980 3
6981 3
6982 3
6983 3
6984 3
6985 3
6986 0
6987 0
6988 1
6989 1
6990 1
6991 1
6992 3
6993 3
6994 3
6995 3
6996 3
6997 3
6998 1
6999 1
7000 1
7001 1
7002 1
7003 1
7004 1
7005 1
7006 1
7007 1
7008 1
7009 2
7010 0
7011 0
7012 2
7013 0
7014 0
7015 0
7016 2
7017 1
7018 2
7019 2
7020 2
7021 4
7022 4
7023 3
7024 0
7025 0
7026 0
7027 2
7028 2
7029 0
7030 1
7031 1
7032 1
7033 1
7034 1
7035 1
7036 1
7037 1
7038 1
7039 1
7040 1
7041 3
7042 0
7043 0
7044 0
7045 0
7046 0
7047 0
7048 0
7049 0
7050 0
7051 0
7052 0
7053 0
7054 0
7055 0
7056 3
7057 3
7058 3
7059 0
7060 0
7061 3
7062 0
7063 0
7064 0
7065 2
7066 2
7067 2
7068 2
7069 2
7070 2
7071 2
7072 2
7073 0
7074 0
7075 0
7076 0
7077 0
7078 2
7079 2
7080 2
7081 4
7082 2
7083 2
7084 2
7085 0
7086 0
7087 0
7088 0
7089 0
7090 0
7091 0
7092 0
7093 4
7094 4
7095 4
7096 4
7097 4
7098 4
7099 1
7100 1
7101 0
7102 4
7103 2
7104 2
7105 2
7106 2
7107 2
7108 4
7109 0
7110 0
7111 0
7112 0
7113 3
7114 3
7115 3
7116 3
7117 3
7118 3
7119 3
7120 3
7121 3
7122 4
7123 1
7124 1
7125 1
7126 1
7127 1
7128 0
7129 4
7130 4
7131 4
7132 2
7133 2
7134 2
7135 2
7136 1
7137 4
7138 2
7139 2
7140 1
7141 1
7142 0
7143 0
7144 0
7145 0
7146 2
7147 4
7148 4
7149 0
7150 0
7151 0
7152 0
7153 0
7154 0
7155 0
7156 3
7157 3
7158 0
7159 0
7160 0
7161 0
7162 0
7163 0
7164 0
7165 4
7166 4
7167 0
7168 1
7169 1
7170 1
7171 0
7172 0
7173 0
7174 0
7175 3
7176 0
7177 0
7178 0
7179 2
7180 2
7181 2
7182 2
7183 2
7184 4
7185 1
7186 1
7187 1
7188 1
7189 1
7190 1
7191 1
7192 1
7193 1
7194 1
7195 1
7196 1
7197 3
7198 3
7199 3
7200 3
7201 3
7202 3
7203 3
7204 3
7205 3
7206 3
7207 3
7208 0
7209 0
7210 3
7211 1
7212 1
7213 1
7214 1
7215 1
7216 1
7217 1
7218 1
7219 1
7220 1
7221 1
7222 1
7223 1
7224 1
7225 1
7226 1
7227 4
7228 4
7229 4
7230 4
7231 4
7232 4
7233 4
7234 4
7235 4
7236 4
7237 2
7238 2
7239 2
7240 1
7241 1
7242 1
7243 1
7244 1
7245 1
7246 1
7247 1
7248 1
7249 1
7250 1
7251 1
7252 4
7253 4
7254 2
7255 2
7256 2
7257 2
7258 2
7259 1
7260 1
7261 2
7262 2
7263 2
7264 2
7265 1
7266 1
7267 1
7268 1
7269 0
7270 0
7271 0
7272 0
7273 0
7274 0
7275 0
7276 3
7277 3
7278 0
7279 0
7280 0
7281 2
7282 2
7283 1
7284 1
7285 1
7286 1
7287 1
7288 0
7289 0
7290 0
7291 0
7292 0
7293 0
7294 0
7295 0
7296 0
7297 0
7298 1
7299 1
7300 1
7301 3
7302 3
7303 3
7304 3
7305 3
7306 3
7307 3
7308 3
7309 3
7310 3
7311 3
7312 3
7313 3
7314 3
7315 3
7316 3
7317 3
7318 3
7319 3
7320 3
7321 3
7322 3
7323 3
7324 3
7325 3
7326 3
7327 3
7328 3
7329 3
7330 3
7331 3
7332 3
7333 3
7334 3
7335 3
7336 3
7337 0
7338 3
7339 0
7340 0
7341 0
7342 0
7343 3
7344 0
7345 0
7346 3
7347 3
7348 0
7349 0
7350 0
7351 0
7352 0
7353 0
7354 0
7355 0
7356 1
7357 1
7358 2
7359 2
7360 2
7361 2
7362 2
7363 2
7364 2
7365 2
7366 2
7367 2
7368 2
7369 4
7370 4
7371 4
7372 4
7373 1
7374 1
7375 1
7376 1
7377 1
7378 1
7379 1
7380 1
7381 1
7382 1
7383 4
7384 0
7385 0
7386 0
7387 3
7388 3
7389 3
7390 3
7391 3
7392 3
7393 3
7394 3
7395 3
7396 3
7397 3
7398 3
7399 3
7400 1
7401 1
7402 1
7403 1
7404 1
7405 0
7406 3
7407 0
7408 0
7409 0
7410 1
7411 1
7412 1
7413 1
7414 1
7415 1
7416 1
7417 1
7418 1
7419 1
7420 1
7421 1
7422 1
7423 1
7424 1
7425 1
7426 1
7427 1
7428 1
7429 1
7430 1
7431 2
7432 2
7433 2
7434 2
7435 2
7436 1
7437 1
7438 1
7439 1
7440 1
7441 1
7442 4
7443 4
7444 4
7445 3
7446 3
7447 3
7448 3
7449 3
7450 3
7451 3
7452 3
7453 3
7454 3
7455 2
7456 2
7457 2
7458 2
7459 0
7460 1
7461 1
7462 2
7463 2
7464 2
7465 2
7466 2
7467 2
7468 4
7469 2
7470 2
7471 2
7472 2
7473 2
7474 2
7475 0
7476 0
7477 1
7478 1
7479 2
7480 2
7481 0
7482 2
7483 0
7484 1
7485 4
7486 1
7487 4
7488 4
7489 4
7490 3
7491 2
7492 2
7493 2
7494 2
7495 2
7496 2
7497 0
7498 1
7499 1
7500 1
7501 1
7502 0
7503 0
7504 0
7505 1
7506 1
7507 1
7508 2
7509 2
7510 2
7511 3
7512 3
7513 0
7514 0
7515 0
7516 3
7517 2
7518 2
7519 2
7520 2
7521 2
7522 2
7523 2
7524 2
7525 2
7526 1
7527 1
7528 2
7529 2
7530 2
7531 2
7532 2
7533 2
7534 2
7535 2
7536 2
7537 1
7538 1
7539 1
7540 2
7541 2
7542 2
7543 2
7544 2
7545 3
7546 0
7547 0
7548 0
7549 0
7550 0
7551 1
7552 1
7553 1
7554 1
7555 1
7556 1
7557 1
7558 0
7559 0
7560 0
7561 0
7562 0
7563 0
7564 1
7565 1
7566 1
7567 1
7568 1
7569 1
7570 1
7571 1
7572 1
7573 2
7574 2
7575 2
7576 2
7577 2
7578 2
7579 2
7580 2
7581 2
7582 2
7583 2
7584 2
7585 2
7586 2
7587 2
7588 2
7589 2
7590 2
7591 2
7592 2
7593 0
7594 0
7595 0
7596 0
7597 0
7598 0
7599 3
7600 3
7601 3
7602 3
7603 3
7604 3
7605 3
7606 3
7607 0
7608 0
7609 0
7610 0
7611 0
7612 0
7613 1
7614 1
7615 1
7616 1
7617 1
7618 1
7619 1
7620 1
7621 1
7622 1
7623 1
7624 1
7625 3
7626 3
7627 3
7628 3
7629 3
7630 3
7631 3
7632 3
7633 3
7634 1
7635 2
7636 2
7637 2
7638 2
7639 2
7640 2
7641 2
7642 2
7643 0
7644 0
7645 2
7646 0
7647 2
7648 2
7649 2
7650 4
7651 2
7652 2
7653 2
7654 2
7655 2
7656 0
7657 0
7658 0
7659 2
7660 2
7661 2
7662 2
7663 2
7664 2
7665 1
7666 1
7667 1
7668 1
7669 1
7670 1
7671 3
7672 3
7673 2
7674 2
7675 1
7676 1
7677 0
7678 0
7679 0
7680 0
7681 0
7682 0
7683 0
7684 0
7685 0
7686 1
7687 1
7688 1
7689 1
7690 1
7691 1
7692 1
7693 1
7694 1
7695 4
7696 1
7697 1
7698 0
7699 0
7700 0
7701 0
7702 0
7703 0
7704 1
7705 0
7706 1
7707 1
7708 1
7709 0
7710 0
7711 3
7712 0
7713 0
7714 3
7715 0
7716 0
7717 0
7718 0
7719 0
7720 0
7721 0
7722 0
7723 0
7724 0
7725 0
7726 2
7727 2
7728 2
7729 2
7730 2
7731 2
7732 3
7733 3
7734 1
7735 0
7736 1
7737 1
7738 1
7739 4
7740 1
7741 1
7742 0
7743 3
7744 0
7745 0
7746 0
7747 1
7748 1
7749 1
7750 1
7751 1
7752 0
7753 2
7754 2
7755 2
7756 2
7757 0
7758 0
7759 0
7760 1
7761 2
7762 2
7763 2
7764 2
7765 2
7766 2
7767 0
7768 0
7769 0
7770 1
7771 1
7772 1
7773 0
7774 0
7775 2
7776 2
7777 2
7778 3
7779 3
7780 0
7781 3
7782 3
7783 0
7784 3
7785 3
7786 3
7787 3
7788 3
7789 3
7790 0
7791 0
7792 0
7793 0
7794 0
7795 0
7796 4
7797 4
7798 2
7799 0
7800 0
7801 0
7802 0
7803 0
7804 0
7805 0
7806 0
7807 0
7808 2
7809 3
7810 3
7811 3
7812 0
7813 0
7814 0
7815 0
7816 0
7817 0
7818 2
7819 2
7820 2
7821 2
7822 1
7823 0
7824 0
7825 1
7826 1
7827 2
7828 2
7829 2
7830 2
7831 1
7832 4
7833 4
7834 4
7835 4
7836 4
7837 4
7838 1
7839 1
7840 1
7841 1
7842 1
7843 1
7844 1
7845 1
7846 1
7847 1
7848 1
7849 1
7850 1
7851 1
7852 1
7853 1
7854 1
7855 1
7856 1
7857 1
7858 1
7859 1
7860 1
7861 1
7862 1
7863 1
7864 2
7865 2
7866 2
7867 2
7868 2
7869 2
7870 2
7871 0
7872 0
7873 0
7874 0
7875 0
7876 0
7877 0
7878 0
7879 0
7880 0
7881 1
7882 1
7883 1
7884 1
7885 1
7886 0
7887 1
7888 3
7889 3
7890 3
7891 3
7892 3
7893 3
7894 3
7895 3
7896 3
7897 3
7898 0
7899 0
7900 0
7901 0
7902 0
7903 0
7904 0
7905 1
7906 1
7907 1
7908 1
7909 0
7910 0
7911 3
7912 3
7913 3
7914 3
7915 2
7916 2
7917 2
7918 2
7919 2
7920 2
7921 0
7922 0
7923 0
7924 0
7925 3
7926 1
7927 1
7928 1
7929 0
7930 0
7931 0
7932 0
7933 0
7934 0
7935 0
7936 1
7937 1
7938 1
7939 2
7940 2
7941 2
7942 2
7943 2
7944 2
7945 3
7946 3
7947 3
7948 3
7949 3
7950 3
7951 3
7952 3
7953 3
7954 3
7955 3
7956 3
7957 0
7958 3
7959 0
7960 0
7961 3
7962 3
7963 3
7964 3
7965 2
7966 4
7967 2
7968 2
7969 2
7970 2
7971 1
7972 1
7973 1
7974 1
7975 1
7976 2
7977 2
7978 2
7979 2
7980 4
7981 1
7982 1
7983 1
7984 1
7985 1
7986 1
7987 3
7988 3
7989 3
7990 3
7991 1
7992 0
7993 0
7994 1
7995 0
7996 0
7997 0
7998 1
7999 1
8000 1
8001 1
8002 1
8003 1
8004 3
8005 3
8006 3
8007 3
8008 3
8009 2
8010 2
8011 2
8012 4
8013 4
8014 4
8015 4
8016 4
8017 4
8018 4
8019 4
8020 4
8021 4
8022 4
8023 4
8024 4
8025 4
8026 4
8027 4
8028 4
8029 4
8030 4
8031 4
8032 4
8033 4
8034 4
8035 4
8036 4
8037 4
8038 4
8039 2
8040 0
8041 0
8042 0
8043 1
8044 1
8045 1
8046 1
8047 4
8048 4
8049 4
8050 4
8051 4
8052 4
8053 4
8054 4
8055 3
8056 3
8057 3
8058 3
8059 3
8060 3
8061 3
8062 3
8063 3
8064 3
8065 4
8066 3
8067 3
8068 3
8069 3
8070 3
8071 3
8072 3
8073 1
8074 0
8075 0
8076 0
8077 0
8078 3
8079 0
8080 0
8081 0
8082 0
8083 3
8084 1
8085 2
8086 1
8087 0
8088 0
8089 0
8090 1
8091 1
8092 0
8093 0
8094 0
8095 0
8096 3
8097 0
8098 0
8099 0
8100 0
8101 3
8102 0
8103 0
8104 1
8105 1
8106 2
8107 2
8108 1
8109 1
8110 0
8111 0
8112 0
8113 3
8114 3
8115 2
8116 1
8117 2
8118 2
8119 1
8120 1
8121 2
8122 1
8123 1
8124 0
8125 3
8126 3
8127 3
8128 3
8129 3
8130 3
8131 3
8132 0
8133 0
8134 0
8135 0
8136 0
8137 1
8138 1
8139 1
8140 2
8141 2
8142 2
8143 2
8144 2
8145 1
8146 1
8147 1
8148 2
8149 2
8150 2
8151 2
8152 2
8153 1
8154 1
8155 1
8156 0
8157 0
8158 3
8159 3
8160 0
8161 0
8162 0
8163 2
8164 4
8165 1
8166 1
8167 1
8168 1
8169 1
8170 0
8171 3
8172 0
8173 0
8174 3
8175 0
8176 0
8177 3
8178 3
8179 3
8180 3
8181 3
8182 3
8183 3
8184 3
8185 3
8186 3
8187 3
8188 3
8189 3
8190 3
8191 3
8192 0
8193 0
8194 3
8195 3
8196 3
8197 3
8198 3
8199 0
8200 1
8201 1
8202 1
8203 1
8204 1
8205 1
8206 1
8207 0
8208 2
8209 1
8210 1
8211 1
8212 1
8213 2
8214 4
8215 0
8216 0
8217 0
8218 1
8219 1
8220 1
8221 1
8222 1
8223 1
8224 1
8225 0
8226 2
8227 2
8228 2
8229 0
8230 0
8231 0
8232 0
8233 0
8234 0
8235 3
8236 3
8237 0
8238 0
8239 0
8240 0
8241 0
8242 0
8243 3
8244 1
8245 1
8246 1
8247 1
8248 4
8249 4
8250 4
8251 4
8252 4
8253 4
8254 1
8255 1
8256 1
8257 1
8258 1
8259 0
8260 1
8261 1
8262 1
8263 2
8264 2
8265 2
8266 2
8267 1
8268 2
8269 4
8270 1
8271 1
8272 1
8273 0
8274 0
8275 2
8276 1
8277 2
8278 3
8279 3
8280 3
8281 3
8282 3
8283 3
8284 3
8285 1
8286 1
8287 1
8288 1
8289 2
8290 4
8291 4
8292 4
8293 4
8294 0
8295 0
8296 2
8297 2
8298 2
8299 2
8300 1
8301 1
8302 1
8303 1
8304 1
8305 4
8306 4
8307 4
8308 0
8309 0
8310 0
8311 0
8312 0
8313 1
8314 0
8315 0
8316 0
8317 1
8318 4
8319 4
8320 4
8321 1
8322 4
8323 1
8324 1
8325 2
8326 2
8327 1
8328 1
8329 1
8330 0
8331 4
8332 4
8333 0
8334 0
8335 0
8336 0
8337 0
8338 0
8339 0
8340 0
8341 2
8342 2
8343 1
8344 1
8345 0
8346 0
8347 1
8348 1
8349 1
8350 1
8351 1
8352 1
8353 1
8354 1
8355 4
8356 1
8357 1
8358 4
8359 2
8360 1
8361 1
8362 1
8363 1
8364 1
8365 0
8366 0
8367 0
8368 3
8369 0
8370 0
8371 1
8372 1
8373 1
8374 4
8375 1
8376 0
8377 0
8378 0
8379 0
8380 0
8381 1
8382 0
8383 3
8384 3
8385 3
8386 4
8387 0
8388 1
8389 4
8390 0
8391 3
8392 0
8393 0
8394 0
8395 3
8396 3
8397 0
8398 0
8399 3
8400 0
8401 0
8402 0
8403 1
8404 3
8405 3
8406 3
8407 3
8408 3
8409 3
8410 3
8411 3
8412 3
8413 3
8414 3
8415 3
8416 3
8417 3
8418 3
8419 3
8420 0
8421 0
8422 0
8423 0
8424 0
8425 0
8426 0
8427 0
8428 3
8429 0
8430 1
8431 0
8432 0
8433 0
8434 2
8435 2
8436 2
8437 4
8438 4
8439 4
8440 3
8441 3
8442 3
8443 1
8444 2
8445 2
8446 2
8447 2
8448 2
8449 2
8450 2
8451 2
8452 2
8453 2
8454 2
8455 2
8456 2
8457 2
8458 2
8459 2
8460 4
8461 4
8462 4
8463 4
8464 4
8465 1
8466 2
8467 2
8468 2
8469 1
8470 1
8471 1
8472 1
8473 1
8474 1
8475 1
8476 1
8477 4
8478 4
8479 2
8480 2
8481 2
8482 1
8483 1
8484 1
8485 0
8486 1
8487 2
8488 2
8489 0
8490 0
8491 4
8492 0
8493 0
8494 0
8495 0
8496 0
8497 0
8498 0
8499 1
8500 1
8501 1
8502 1
8503 4
8504 4
8505 4
8506 4
8507 4
8508 4
8509 4
8510 4
8511 4
8512 4
8513 4
8514 4
8515 4
8516 4
8517 4
8518 4
8519 4
8520 4
8521 4
8522 4
8523 4
8524 4
8525 1
8526 3
8527 0
8528 0
8529 0
8530 0
8531 0
8532 2
8533 2
8534 2
8535 1
8536 1
8537 4
8538 4
8539 4
8540 4
8541 4
8542 4
8543 4
8544 4
8545 4
8546 4
8547 2
8548 2
8549 4
8550 4
8551 4
8552 1
8553 3
8554 0
8555 0
8556 1
8557 1
8558 4
8559 4
8560 4
8561 4
8562 2
8563 2
8564 2
8565 2
8566 2
8567 2
8568 2
8569 1
8570 4
8571 4
8572 4
8573 4
8574 4
8575 4
8576 4
8577 4
8578 4
8579 4
8580 4
8581 4
8582 4
8583 4
8584 4
8585 4
8586 4
8587 4
8588 4
8589 4
8590 1
8591 1
8592 1
8593 0
8594 0
8595 0
8596 0
8597 1
8598 3
8599 3
8600 3
8601 2
8602 1
8603 4
8604 4
8605 3
8606 3
8607 3
8608 3
8609 1
8610 0
8611 3
8612 3
8613 3
8614 3
8615 3
8616 3
8617 3
8618 3
8619 3
8620 0
8621 3
8622 3
8623 3
8624 3
8625 3
8626 3
8627 3
8628 3
8629 3
8630 3
8631 1
8632 1
8633 1
8634 1
8635 0
8636 3
8637 0
8638 0
8639 0
8640 0
8641 0
8642 4
8643 4
8644 4
8645 2
8646 0
8647 0
8648 1
8649 4
8650 4
8651 4
8652 4
8653 4
8654 4
8655 4
8656 4
8657 4
8658 4
8659 4
8660 0
8661 0
8662 0
8663 1
8664 4
8665 4
8666 3
8667 3
8668 3
8669 3
8670 3
8671 3
8672 1
8673 0
8674 0
8675 0
8676 4
8677 4
8678 4
8679 4
8680 4
8681 4
8682 4
8683 2
8684 2
8685 3
8686 4
8687 4
8688 4
8689 4
8690 4
8691 4
8692 4
8693 4
8694 4
8695 0
8696 0
8697 4
8698 2
8699 2
8700 2
8701 2
8702 2
8703 4
8704 4
8705 4
8706 0
8707 0
8708 0
8709 0
8710 0
8711 0
8712 0
8713 0
8714 3
8715 3
8716 0
8717 0
8718 0
8719 0
8720 0
8721 0
8722 0
8723 0
8724 0
8725 0
8726 0
8727 0
8728 0
8729 3
8730 3
8731 3
8732 3
8733 3
8734 2
8735 2
8736 2
8737 2
8738 2
8739 2
8740 2
8741 2
8742 2
8743 2
8744 2
8745 2
8746 0
8747 0
8748 0
8749 0
8750 0
8751 0
8752 3
8753 3
8754 3
8755 3
8756 3
8757 0
8758 0
8759 4
8760 4
8761 0
8762 0
8763 1
8764 1
8765 3
8766 3
8767 3
8768 3
8769 3
8770 0
8771 0
8772 1
8773 0
8774 0
8775 0
8776 2
8777 2
8778 2
8779 2
8780 2
8781 0
8782 0
8783 4
8784 3
8785 3
8786 1
8787 1
8788 1
8789 1
8790 1
8791 4
8792 4
8793 4
8794 4
8795 2
8796 2
8797 4
8798 1
8799 4
8800 4
8801 4
8802 4
8803 4
8804 4
8805 0
8806 2
8807 2
8808 2
8809 2
8810 2
8811 2
8812 2
8813 2
8814 2
8815 2
8816 2
8817 2
8818 2
8819 2
8820 2
8821 1
8822 0
8823 0
8824 0
8825 0
8826 0
8827 0
8828 0
8829 3
8830 3
8831 3
8832 3
8833 3
8834 3
8835 3
8836 3
8837 3
8838 3
8839 3
8840 0
8841 2
8842 2
8843 2
8844 2
8845 2
8846 2
8847 3
8848 1
8849 1
8850 2
8851 2
8852 2
8853 2
8854 2
8855 2
8856 2
8857 2
8858 2
8859 2
8860 2
8861 2
8862 2
8863 2
8864 2
8865 2
8866 0
8867 0
8868 0
8869 0
8870 3
8871 0
8872 0
8873 0
8874 0
8875 3
8876 1
8877 1
8878 1
8879 0
8880 0
8881 0
8882 0
8883 0
8884 4
8885 4
8886 4
8887 4
8888 4
8889 4
8890 4
8891 4
8892 4
8893 4
8894 4
8895 4
8896 4
8897 4
8898 4
8899 4
8900 2
8901 0
8902 3
8903 3
8904 0
8905 0
8906 0
8907 0
8908 3
8909 3
8910 0
8911 0
8912 0
8913 4
8914 4
8915 4
8916 4
8917 4
8918 4
8919 4
8920 4
8921 4
8922 4
8923 4
8924 4
8925 0
8926 0
8927 2
8928 2
8929 2
8930 2
8931 2
8932 2
8933 4
8934 0
8935 0
8936 0
8937 0
8938 0
8939 4
8940 4
8941 4
8942 4
8943 2
8944 4
8945 4
8946 4
8947 4
8948 4
8949 4
8950 4
8951 4
8952 4
8953 4
8954 4
8955 4
8956 4
8957 4
8958 4
8959 4
8960 4
8961 4
8962 4
8963 2
8964 2
8965 2
8966 2
8967 2
8968 2
8969 2
8970 2
8971 4
8972 4
8973 4
8974 4
8975 4
8976 4
8977 4
8978 4
8979 4
8980 4
8981 4
8982 4
8983 2
8984 2
8985 4
8986 0
8987 0
8988 0
8989 3
8990 0
8991 3
8992 3
8993 0
8994 3
8995 3
8996 0
8997 0
8998 0
8999 1
9000 1
9001 1
9002 1
9003 1
9004 1
9005 1
9006 1
9007 1
9008 0
9009 0
9010 0
9011 0
9012 4
9013 0
9014 4
9015 4
9016 4
9017 4
9018 4
9019 4
9020 4
9021 4
9022 4
9023 4
9024 4
9025 3
9026 3
9027 3
9028 3
9029 3
9030 3
9031 3
9032 3
9033 3
9034 3
9035 3
9036 3
9037 3
9038 2
9039 2
9040 2
9041 2
9042 4
9043 4
9044 4
9045 4
9046 4
9047 2
9048 2
9049 2
9050 2
9051 2
9052 4
9053 4
9054 4
9055 4
9056 4
9057 2
9058 2
9059 0
9060 0
9061 0
9062 0
9063 0
9064 0
9065 3
9066 0
9067 2
9068 2
9069 1
9070 4
9071 4
9072 4
9073 4
9074 4
9075 4
9076 4
9077 4
9078 4
9079 4
9080 4
9081 2
9082 4
9083 4
9084 2
9085 2
9086 2
9087 3
9088 3
9089 3
9090 3
9091 3
9092 3
9093 3
9094 3
9095 3
9096 3
9097 3
9098 3
9099 3
9100 3
9101 3
9102 3
9103 0
9104 3
9105 3
9106 3
9107 3
9108 3
9109 3
9110 3
9111 3
9112 2
9113 2
9114 4
9115 4
9116 4
9117 4
9118 4
9119 4
9120 4
9121 4
9122 4
9123 4
9124 4
9125 4
9126 4
9127 4
9128 0
9129 0
9130 0
9131 2
9132 2
9133 4
9134 4
9135 4
9136 4
9137 4
9138 4
9139 4
9140 4
9141 2
9142 2
9143 4
9144 0
9145 0
9146 0
9147 0
9148 0
9149 0
9150 3
9151 0
9152 0
9153 3
9154 3
9155 3
9156 3
9157 2
9158 2
9159 4
9160 4
9161 4
9162 4
9163 4
9164 4
9165 4
9166 4
9167 4
9168 4
9169 4
9170 4
9171 4
9172 4
9173 4
9174 0
9175 0
9176 0
9177 3
9178 3
9179 3
9180 0
9181 0
9182 0
9183 0
9184 0
9185 0
9186 0
9187 0
9188 0
9189 0
9190 0
9191 0
9192 0
9193 0
9194 1
9195 0
9196 0
9197 0
9198 0
9199 2
9200 2
9201 0
9202 0
9203 0
9204 3
9205 3
9206 3
9207 0
9208 0
9209 0
9210 0
9211 0
9212 0
9213 0
9214 0
9215 3
9216 0
9217 0
9218 3
9219 3
9220 3
9221 3
9222 0
9223 3
9224 3
9225 0
9226 3
9227 3
9228 3
9229 0
9230 0
9231 0
9232 0
9233 0
9234 0
9235 0
9236 0
9237 0
9238 0
9239 3
9240 3
9241 3
9242 3
9243 3
9244 3
9245 3
9246 3
9247 4
9248 4
9249 4
9250 4
9251 4
9252 4
9253 4
9254 4
9255 4
9256 4
9257 1
9258 1
9259 0
9260 3
9261 0
9262 3
9263 3
9264 3
9265 3
9266 3
9267 2
9268 2
9269 2
9270 0
9271 1
9272 1
9273 3
9274 0
9275 1
9276 0
9277 1
9278 1
9279 3
9280 0
9281 2
9282 2
9283 2
9284 0
9285 1
9286 1
9287 2
9288 2
9289 2
9290 0
9291 0
9292 0
9293 0
9294 0
9295 0
9296 0
9297 2
9298 2
9299 0
9300 0
9301 2
9302 2
9303 0
9304 2
9305 0
9306 0
9307 2
9308 2
9309 4
9310 4
9311 4
9312 2
9313 3
9314 3
9315 2
9316 2
9317 2
9318 2
9319 2
9320 1
9321 0
9322 0
9323 0
9324 0
9325 4
9326 2
9327 2
9328 2
9329 2
9330 2
9331 2
9332 2
9333 2
9334 2
9335 2
9336 2
9337 2
9338 1
9339 3
9340 0
9341 3
9342 3
9343 3
9344 3
9345 3
9346 0
9347 0
9348 0
9349 3
9350 3
9351 3
9352 3
9353 3
9354 4
9355 4
9356 4
9357 1
9358 1
9359 3
9360 3
9361 3
9362 3
9363 3
9364 2
9365 2
9366 2
9367 2
9368 2
9369 3
9370 2
9371 3
9372 3
9373 3
9374 3
9375 2
9376 1
9377 4
9378 4
9379 4
9380 4
9381 4
9382 3
9383 3
9384 3
9385 2
9386 0
9387 1
9388 2
9389 2
9390 1
9391 3
9392 3
9393 1
9394 1
9395 1
9396 1
9397 1
9398 1
9399 1
9400 0
9401 0
9402 4
9403 2
9404 2
9405 2
9406 2
9407 2
9408 2
9409 2
9410 2
9411 4
9412 4
9413 4
9414 4
9415 4
9416 0
9417 0
9418 2
9419 0
9420 0
9421 0
9422 0
9423 0
9424 0
9425 3
9426 3
9427 3
9428 3
9429 3
9430 3
9431 1
9432 4
9433 4
9434 0
9435 3
9436 3
9437 0
9438 0
9439 0
9440 0
9441 0
9442 0
9443 2
9444 3
9445 3
9446 3
9447 3
9448 3
9449 3
9450 0
9451 0
9452 3
9453 0
9454 0
9455 0
9456 3
9457 0
9458 1
9459 1
9460 1
9461 3
9462 3
9463 1
9464 0
9465 3
9466 3
9467 3
9468 3
9469 3
9470 3
9471 2
9472 2
9473 2
9474 2
9475 2
9476 0
9477 0
9478 0
9479 0
9480 0
9481 2
9482 4
9483 4
9484 2
9485 0
9486 0
9487 1
9488 1
9489 1
9490 1
9491 1
9492 1
9493 1
9494 1
9495 2
9496 2
9497 2
9498 3
9499 3
9500 3
9501 2
9502 2
9503 2
9504 2
9505 2
9506 2
9507 2
9508 2
9509 2
9510 2
9511 2
9512 1
9513 1
9514 2
9515 2
9516 2
9517 0
9518 0
9519 1
9520 0
9521 0
9522 0
9523 2
9524 2
9525 2
9526 2
9527 2
9528 2
9529 2
9530 2
9531 2
9532 2
9533 0
9534 0
9535 2
9536 1
9537 0
9538 0
9539 0
9540 0
9541 0
9542 1
9543 1
9544 2
9545 1
9546 2
9547 2
9548 2
9549 3
9550 0
9551 0
9552 3
9553 1
9554 1
9555 1
9556 2
9557 2
9558 2
9559 2
9560 2
9561 2
9562 2
9563 2
9564 2
9565 2
9566 2
9567 2
9568 2
9569 2
9570 2
9571 2
9572 2
9573 2
9574 2
9575 2
9576 4
9577 4
9578 4
9579 4
9580 4
9581 4
9582 0
9583 0
9584 0
9585 0
9586 0
9587 0
9588 0
9589 0
9590 0
9591 3
9592 3
9593 3
9594 3
9595 0
9596 0
9597 0
9598 4
9599 3
9600 3
9601 3
9602 1
9603 1
9604 1
9605 1
9606 2
9607 2
9608 0
9609 1
9610 0
9611 0
9612 0
9613 3
9614 3
9615 3
9616 3
9617 3
9618 3
9619 3
9620 3
9621 0
9622 0
9623 0
9624 0
9625 0
9626 0
9627 0
9628 0
9629 0
9630 0
9631 1
9632 1
9633 0
9634 1
9635 1
9636 1
9637 3
9638 3
9639 3
9640 3
9641 3
9642 3
9643 3
9644 0
9645 3
9646 0
9647 3
9648 3
9649 0
9650 2
9651 3
9652 3
9653 3
9654 3
9655 2
9656 2
9657 2
9658 2
9659 2
9660 4
9661 2
9662 2
9663 2
9664 2
9665 2
9666 2
9667 2
9668 2
9669 2
9670 0
9671 0
9672 2
9673 2
9674 2
9675 2
9676 2
9677 2
9678 2
9679 2
9680 2
9681 0
9682 0
9683 3
9684 0
9685 0
9686 3
9687 3
9688 3
9689 3
9690 2
9691 0
9692 2
9693 2
9694 2
9695 1
9696 1
9697 1
9698 3
9699 3
9700 0
9701 0
9702 0
9703 0
9704 0
9705 0
9706 0
9707 0
9708 0
9709 0
9710 0
9711 0
9712 0
9713 0
9714 3
9715 3
9716 0
9717 0
9718 0
9719 3
9720 3
9721 3
9722 3
9723 3
9724 3
9725 3
9726 3
9727 3
9728 0
9729 0
9730 3
9731 3
9732 2
9733 2
9734 2
9735 2
9736 2
9737 2
9738 2
9739 1
9740 1
9741 1
9742 3
9743 0
9744 0
9745 0
9746 0
9747 0
9748 3
9749 3
9750 3
9751 3
9752 0
9753 1
9754 1
9755 1
9756 0
9757 2
9758 0
9759 0
9760 0
9761 0
9762 0
9763 0
9764 1
9765 1
9766 1
9767 1
9768 2
9769 1
9770 1
9771 1
9772 1
9773 2
9774 2
9775 0
9776 0
9777 3
9778 0
9779 0
9780 0
9781 3
9782 3
9783 3
9784 4
9785 4
9786 4
9787 4
9788 4
9789 4
9790 4
9791 4
9792 4
9793 4
9794 2
9795 1
9796 0
9797 0
9798 3
9799 3
9800 3
9801 3
9802 3
9803 4
9804 4
9805 4
9806 0
9807 4
9808 4
9809 4
9810 4
9811 4
9812 4
9813 4
9814 4
9815 4
9816 4
9817 4
9818 4
9819 4
9820 4
9821 4
9822 2
9823 2
9824 2
9825 2
9826 2
9827 2
9828 2
9829 2
9830 0
9831 4
9832 4
9833 4
9834 4
9835 4
9836 2
9837 0
9838 0
9839 0
9840 0
9841 4
9842 4
9843 4
9844 4
9845 4
9846 3
9847 3
9848 3
9849 3
9850 0
9851 0
9852 0
9853 0
9854 0
9855 4
9856 4
9857 4
9858 4
9859 4
9860 4
9861 4
9862 4
9863 4
9864 0
9865 0
9866 0
9867 0
9868 0
9869 0
9870 0
9871 0
9872 0
9873 0
9874 0
9875 0
9876 0
9877 0
9878 0
9879 0
9880 0
9881 0
9882 0
9883 4
9884 4
9885 4
9886 2
9887 2
9888 2
9889 2
9890 2
9891 2
9892 2
9893 2
9894 2
9895 2
9896 2
9897 2
9898 2
9899 2
9900 0
9901 2
9902 3
9903 0
9904 0
9905 0
9906 0
9907 2
9908 2
9909 2
9910 2
9911 0
9912 0
9913 0
9914 0
9915 0
9916 0
9917 0
9918 4
9919 4
9920 4
9921 4
9922 0
9923 3
9924 4
9925 4
9926 4
9927 4
9928 4
9929 4
9930 4
9931 4
9932 4
9933 4
9934 4
9935 4
9936 4
9937 4
9938 4
9939 4
9940 4
9941 4
9942 4
9943 4
9944 4
9945 4
9946 4
9947 4
9948 4
9949 4
9950 3
9951 3
9952 3
9953 3
9954 3
9955 3
9956 3
9957 3
9958 3
9959 3
9960 3
9961 0
9962 0
9963 0
9964 0
9965 3
9966 3
9967 3
9968 2
9969 2
9970 2
9971 1
9972 4
9973 0
9974 0
9975 4
9976 0
9977 0
9978 0
9979 0
9980 0
9981 1
9982 1
9983 0
9984 1
9985 1
9986 1
9987 2
9988 4
9989 4
9990 1
9991 1
9992 1
9993 1
9994 1
9995 4
9996 4
9997 4
9998 4
9999 4
10000 4
10001 2
10002 3
10003 3
10004 3
10005 3
10006 3
10007 3
10008 3
10009 3
10010 3
10011 3
10012 3
10013 2
10014 2
10015 3
10016 3
10017 3
10018 3
10019 3
10020 2
10021 0
10022 0
10023 0
10024 0
10025 0
10026 0
10027 0
10028 0
10029 2
10030 3
10031 3
10032 3
10033 3
10034 3
10035 3
10036 3
10037 3
10038 2
10039 4
10040 0
10041 4
10042 3
10043 3
10044 3
10045 1
10046 1
10047 1
10048 1
10049 3
10050 3
10051 3
10052 3
10053 3
10054 3
10055 3
10056 3
10057 1
10058 0
10059 1
10060 1
10061 4
10062 0
10063 4
10064 4
10065 4
10066 4
10067 4
10068 2
10069 0
10070 3
10071 0
10072 3
10073 0
10074 0
10075 0
10076 2
10077 2
10078 2
10079 2
10080 2
10081 0
10082 3
10083 0
10084 0
10085 3
10086 3
10087 3
10088 3
10089 3
10090 0
10091 4
10092 4
10093 4
10094 4
10095 4
10096 4
10097 4
10098 4
10099 4
10100 4
10101 4
10102 4
10103 4
10104 4
10105 4
10106 4
10107 4
10108 0
10109 0
10110 0
10111 0
10112 0
10113 0
10114 2
10115 2
10116 2
10117 2
10118 2
10119 2
10120 2
10121 3
10122 3
10123 3
10124 0
10125 1
10126 1
10127 1
10128 1
10129 1
10130 1
10131 2
10132 1
10133 1
10134 4
10135 2
10136 2
10137 2
10138 4
10139 4
10140 4
10141 4
10142 4
10143 4
10144 0
10145 0
10146 4
10147 4
10148 0
10149 0
10150 0
10151 0
10152 0
10153 0
10154 3
10155 3
10156 3
10157 0
10158 0
10159 3
10160 4
10161 4
10162 4
10163 4
10164 4
10165 4
10166 4
10167 4
10168 4
10169 4
10170 0
10171 4
10172 4
10173 4
10174 4
10175 4
10176 0
10177 0
10178 0
10179 2
10180 2
10181 2
10182 2
10183 4
10184 4
10185 4
10186 4
10187 0
10188 0
10189 0
10190 0
10191 0
10192 4
10193 4
10194 4
10195 2
10196 2
10197 2
10198 2
10199 2
10200 2
10201 4
10202 4
10203 0
10204 0
10205 2
10206 2
10207 2
10208 2
10209 2
10210 2
10211 2
10212 2
10213 2
10214 0
10215 3
10216 3
10217 3
10218 3
10219 3
10220 3
10221 3
10222 2
10223 2
10224 2
10225 1
10226 1
10227 2
10228 2
10229 2
10230 2
10231 2
10232 2
10233 4
10234 4
10235 4
10236 4
10237 4
10238 4
10239 4
10240 4
10241 0
10242 0
10243 0
10244 0
10245 0
10246 0
10247 0
10248 0
10249 0
10250 0
10251 0
10252 0
10253 0
10254 0
10255 4
10256 1
10257 0
10258 0
10259 4
10260 4
10261 4
10262 1
10263 4
10264 2
10265 2
10266 2
10267 2
10268 2
10269 0
10270 0
10271 0
10272 0
10273 0
10274 2
10275 2
10276 2
10277 2
10278 2
10279 2
10280 2
10281 2
10282 2
10283 2
10284 1
10285 2
10286 3
10287 0
10288 0
10289 3
10290 0
10291 4
10292 4
10293 4
10294 4
10295 4
10296 0
10297 0
10298 0
10299 1
10300 2
10301 2
10302 2
10303 2
10304 2
10305 2
10306 2
10307 2
10308 2
10309 2
10310 2
10311 2
10312 3
10313 3
10314 3
10315 0
10316 3
10317 3
10318 4
10319 4
10320 4
10321 4
10322 2
10323 2
10324 2
10325 2
10326 3
10327 3
10328 3
10329 3
10330 0
10331 0
10332 0
10333 0
10334 0
10335 0
10336 0
10337 2
10338 2
10339 2
10340 2
10341 2
10342 2
10343 2
10344 2
10345 2
10346 0
10347 0
10348 0
10349 0
10350 0
10351 2
10352 3
10353 0
10354 0
10355 0
10356 1
10357 2
10358 2
10359 2
10360 4
10361 1
10362 4
10363 4
10364 2
10365 2
10366 1
10367 1
10368 1
10369 1
10370 1
10371 1
10372 1
10373 0
10374 0
10375 0
10376 0
10377 2
10378 2
10379 4
10380 4
10381 4
10382 4
10383 4
10384 2
10385 2
10386 1
10387 1
10388 4
10389 3
10390 0
10391 0
10392 2
10393 2
10394 2
10395 2
10396 2
10397 2
10398 2
10399 2
10400 0
10401 0
10402 0
10403 2
10404 2
10405 2
10406 2
10407 2
10408 2
10409 2
10410 2
10411 2
10412 3
10413 3
10414 3
10415 3
10416 3
10417 3
10418 3
10419 3
10420 3
10421 3
10422 3
10423 1
10424 4
10425 4
10426 1
10427 1
10428 4
10429 1
10430 1
10431 2
10432 2
10433 2
10434 2
10435 2
10436 3
10437 3
10438 3
10439 2
10440 2
10441 2
10442 2
10443 2
10444 2
10445 2
10446 2
10447 3
10448 3
10449 3
10450 3
10451 3
10452 1
10453 2
10454 4
10455 4
10456 4
10457 4
10458 2
10459 0
10460 0
10461 1
10462 0
10463 2
10464 4
10465 4
10466 4
10467 4
10468 4
10469 4
10470 1
10471 0
10472 0
10473 0
10474 0
10475 0
10476 0
10477 0
10478 0
10479 0
10480 1
10481 1
10482 1
10483 0
10484 0
10485 0
10486 2
10487 2
10488 2
10489 2
10490 2
10491 2
10492 2
10493 2
10494 3
10495 2
10496 2
10497 4
10498 4
10499 4
10500 4
10501 4
10502 4
10503 4
10504 4
10505 4
10506 4
10507 4
10508 4
10509 4
10510 4
10511 4
10512 4
10513 4
10514 4
10515 4
10516 4
10517 4
10518 4
10519 4
10520 4
10521 2
10522 2
10523 2
10524 2
10525 2
10526 2
10527 2
10528 1
10529 1
10530 1
10531 1
10532 0
10533 0
10534 1
10535 1
10536 3
10537 2
10538 2
10539 2
10540 2
10541 2
10542 0
10543 2
10544 2
10545 2
10546 3
10547 3
10548 3
10549 3
10550 0
10551 0
10552 0
10553 4
10554 4
10555 4
10556 4
10557 4
10558 4
10559 1
10560 4
10561 4
10562 2
10563 2
10564 4
10565 4
10566 4
10567 0
10568 0
10569 2
10570 2
10571 2
10572 2
10573 2
10574 2
10575 1
10576 4
10577 3
10578 3
10579 4
10580 2
10581 2
10582 2
10583 2
10584 2
10585 2
10586 4
10587 4
10588 4
10589 4
10590 4
10591 4
10592 4
10593 4
10594 4
10595 0
10596 0
10597 0
10598 0
10599 3
10600 0
10601 0
10602 0
10603 2
10604 0
10605 0
10606 0
10607 2
10608 2
10609 2
10610 2
10611 2
10612 2
10613 2
10614 2
10615 2
10616 2
10617 2
10618 2
10619 2
10620 2
10621 2
10622 2
10623 2
10624 2
10625 2
10626 2
10627 2
10628 2
10629 2
10630 2
10631 2
10632 1
10633 1
10634 1
10635 1
10636 1
10637 1
10638 1
10639 1
10640 1
10641 4
10642 4
10643 4
10644 4
10645 4
10646 4
10647 4
10648 4
10649 4
10650 4
10651 4
10652 4
10653 4
10654 2
10655 4
10656 2
10657 2
10658 2
10659 4
10660 4
10661 4
10662 4
10663 4
10664 4
10665 3
10666 3
10667 3
10668 2
10669 0
10670 0
10671 0
10672 0
10673 1
10674 1
10675 3
10676 0
10677 0
10678 2
10679 4
10680 2
10681 2
10682 2
10683 0
10684 0
10685 0
10686 1
10687 2
10688 0
10689 0
10690 0
10691 0
10692 0
10693 1
10694 1
10695 4
10696 4
10697 4
10698 4
10699 4
10700 4
10701 3
10702 3
10703 0
10704 3
10705 3
10706 3
10707 0
10708 0
10709 3
10710 0
10711 0
10712 0
10713 2
10714 2
10715 2
10716 4
10717 4
10718 0
10719 3
10720 3
10721 0
10722 0
10723 2
10724 2
10725 2
10726 3
10727 0
10728 3
10729 3
10730 3
10731 3
10732 3
10733 3
10734 3
10735 0
10736 0
10737 0
10738 0
10739 0
10740 4
10741 4
10742 4
10743 4
10744 4
10745 4
10746 0
10747 0
10748 3
10749 0
10750 0
10751 0
10752 0
10753 0
10754 0
10755 3
10756 3
10757 3
10758 0
10759 0
10760 0
10761 2
10762 2
10763 2
10764 2
10765 3
10766 3
10767 3
10768 3
10769 3
10770 3
10771 3
10772 3
10773 3
10774 2
10775 2
10776 2
10777 2
10778 2
10779 2
10780 2
10781 2
10782 1
10783 2
10784 2
10785 3
10786 3
10787 3
10788 3
10789 3
10790 3
10791 1
10792 1
10793 1
10794 1
10795 0
10796 0
10797 0
10798 0
10799 0
10800 0
10801 3
10802 3
10803 3
10804 3
10805 3
10806 3
10807 3
10808 3
10809 3
10810 3
10811 3
10812 3
10813 3
10814 3
10815 3
10816 3
10817 3
10818 3
10819 3
10820 3
10821 3
10822 3
10823 3
10824 3
10825 3
10826 3
10827 3
10828 3
10829 3
10830 3
10831 3
10832 3
10833 3
10834 3
10835 3
10836 3
10837 0
10838 0
10839 0
10840 4
10841 1
10842 1
10843 1
10844 1
10845 1
10846 1
10847 3
10848 3
10849 1
10850 0
10851 1
10852 0
10853 0
10854 0
10855 0
10856 0
10857 0
10858 3
10859 3
10860 3
10861 3
10862 2
10863 2
10864 4
10865 1
10866 2
10867 1
10868 4
10869 4
10870 4
10871 4
10872 4
10873 4
10874 4
10875 4
10876 4
10877 4
10878 4
10879 4
10880 4
10881 1
10882 1
10883 2
10884 2
10885 3
10886 3
10887 3
10888 2
10889 0
10890 0
10891 2
10892 1
10893 1
10894 1
10895 2
10896 3
10897 3
10898 0
10899 0
10900 3
10901 3
10902 3
10903 0
10904 3
10905 3
10906 0
10907 2
10908 2
10909 2
10910 4
10911 4
10912 4
10913 4
10914 2
10915 2
10916 1
10917 0
10918 2
10919 2
10920 2
10921 2
10922 2
10923 2
10924 1
10925 0
10926 0
10927 2
10928 2
10929 2
10930 3
10931 3
10932 3
10933 3
10934 3
10935 3
10936 3
10937 3
10938 3
10939 3
10940 3
10941 3
10942 3
10943 3
10944 3
10945 3
10946 3
10947 3
10948 3
10949 3
10950 3
10951 3
10952 3
10953 3
10954 3
10955 3
10956 3
10957 1
10958 1
10959 1
10960 1
10961 2
10962 2
10963 2
10964 3
10965 3
10966 3
10967 3
10968 3
10969 0
10970 4
10971 4
10972 4
10973 4
10974 4
10975 4
10976 4
10977 4
10978 4
10979 4
10980 4
10981 4
10982 2
10983 1
10984 2
10985 0
10986 0
10987 2
10988 2
10989 0
10990 0
10991 0
10992 4
10993 4
10994 0
10995 0
10996 0
10997 0
10998 0
10999 0
11000 0
11001 2
11002 2
11003 4
11004 4
11005 4
11006 4
11007 0
11008 0
11009 0
11010 0
11011 2
11012 2
11013 2
11014 2
11015 2
11016 2
11017 2
11018 2
11019 2
11020 2
11021 2
11022 2
11023 3
11024 0
11025 4
11026 4
11027 2
11028 2
11029 0
11030 1
11031 1
11032 1
11033 1
11034 1
11035 0
11036 0
11037 0
11038 0
11039 0
11040 0
11041 0
11042 4
11043 2
11044 2
11045 4
11046 0
11047 2
11048 0
11049 0
11050 2
11051 2
11052 2
11053 2
11054 2
11055 3
11056 3
11057 3
11058 3
11059 3
11060 3
11061 3
11062 4
11063 4
11064 0
11065 0
11066 4
11067 4
11068 4
11069 0
11070 0
11071 4
11072 4
11073 4
11074 0
11075 0
11076 0
11077 3
11078 3
11079 3
11080 3
11081 3
11082 3
11083 3
11084 0
11085 0
11086 0
11087 2
11088 2
11089 2
11090 2
11091 2
11092 2
11093 2
11094 2
11095 2
11096 2
11097 2
11098 3
11099 3
11100 3
11101 0
11102 0
11103 0
11104 3
11105 3
11106 3
11107 0
11108 0
11109 3
11110 3
11111 3
11112 3
11113 3
11114 3
11115 2
11116 2
11117 2
11118 2
11119 2
11120 4
11121 4
11122 4
11123 4
11124 2
11125 2
11126 2
11127 2
11128 2
11129 2
11130 3
11131 3
11132 1
11133 3
11134 2
11135 1
11136 0
11137 0
11138 0
11139 0
11140 0
11141 0
11142 0
11143 3
11144 2
11145 2
11146 2
11147 2
11148 2
11149 0
11150 0
11151 3
11152 3
11153 3
11154 3
11155 3
11156 3
11157 3
11158 3
11159 3
11160 3
11161 3
11162 3
11163 3
11164 3
11165 0
11166 0
11167 0
11168 1
11169 3
11170 1
11171 3
11172 3
11173 3
11174 2
11175 4
11176 4
11177 4
11178 4
11179 4
11180 4
11181 4
11182 4
11183 2
11184 2
11185 2
11186 2
11187 2
11188 2
11189 2
11190 2
11191 2
11192 4
11193 4
11194 4
11195 4
11196 4
11197 4
11198 4
11199 0
11200 0
11201 1
11202 1
11203 2
11204 0
11205 3
11206 3
11207 3
11208 3
11209 3
11210 3
11211 3
11212 3
11213 3
11214 0
11215 0
11216 0
11217 0
11218 0
11219 0
11220 0
11221 2
11222 3
11223 3
11224 3
11225 3
11226 0
11227 0
11228 0
11229 4
11230 4
11231 4
11232 4
11233 0
11234 0
11235 0
11236 0
11237 0
11238 0
11239 0
11240 0
11241 0
11242 3
11243 3
11244 3
11245 2
11246 2
11247 2
11248 2
11249 2
11250 3
11251 0
11252 2
11253 2
11254 2
11255 2
11256 2
11257 4
11258 2
11259 0
11260 4
11261 4
11262 4
11263 2
11264 2
11265 3
11266 3
11267 4
11268 0
11269 4
11270 0
11271 0
11272 0
11273 2
11274 2
11275 2
11276 2
11277 2
11278 4
11279 4
11280 4
11281 0
11282 0
11283 2
11284 2
11285 0
11286 0
11287 0
11288 2
11289 2
11290 3
11291 3
11292 0
11293 0
11294 0
11295 3
11296 3
11297 3
11298 0
11299 0
11300 4
11301 4
11302 2
11303 2
11304 2
11305 2
11306 2
11307 4
11308 4
11309 4
11310 2
11311 2
11312 1
11313 2
11314 2
11315 4
11316 4
11317 0
11318 3
11319 3
11320 0
11321 0
11322 0
11323 0
11324 3
11325 3
11326 0
11327 0
11328 0
11329 2
11330 2
11331 2
11332 2
11333 4
11334 4
11335 3
11336 3
11337 3
11338 3
11339 3
11340 0
11341 0
11342 0
11343 0
11344 2
11345 2
11346 2
11347 3
11348 3
11349 3
11350 3
11351 3
11352 0
11353 3
11354 3
11355 3
11356 3
11357 3
11358 4
11359 4
11360 3
11361 3
11362 3
11363 3
11364 3
11365 3
11366 3
11367 3
11368 3
11369 3
11370 3
11371 3
11372 3
11373 3
11374 3
11375 3
11376 3
11377 0
11378 3
11379 3
11380 3
11381 0
11382 1
11383 4
11384 0
11385 0
11386 3
11387 1
11388 2
11389 0
11390 0
11391 3
11392 3
11393 3
11394 3
11395 3
11396 3
11397 0
11398 3
11399 3
11400 3
11401 3
11402 3
11403 3
11404 3
11405 3
11406 3
11407 3
11408 3
11409 3
11410 3
11411 3
11412 3
11413 3
11414 3
11415 3
11416 3
11417 3
11418 3
11419 0
11420 0
11421 0
11422 0
11423 4
11424 3
11425 3
11426 3
11427 0
11428 0
11429 0
11430 0
11431 0
11432 0
11433 0
11434 0
11435 3
11436 3
11437 3
11438 4
11439 4
11440 4
11441 4
11442 4
11443 4
11444 4
11445 4
11446 4
11447 4
11448 0
11449 0
11450 0
11451 0
11452 0
11453 0
11454 0
11455 0
11456 0
11457 0
11458 0
11459 3
11460 3
11461 3
11462 3
11463 3
11464 3
11465 3
11466 3
11467 3
11468 4
11469 4
11470 3
11471 3
11472 0
11473 0
11474 0
11475 0
11476 0
11477 0
11478 1
11479 1
11480 1
11481 4
11482 4
11483 4
11484 0
11485 2
11486 2
11487 2
11488 2
11489 1
11490 2
11491 2
11492 4
11493 4
11494 4
11495 0
11496 2
11497 2
11498 3
11499 0
11500 3
11501 3
11502 4
11503 4
11504 4
11505 4
11506 2
11507 2
11508 1
11509 3
11510 3
11511 3
11512 3
11513 1
11514 1
11515 4
11516 0
11517 3
11518 0
11519 0
11520 0
11521 0
11522 0
11523 0
11524 0
11525 0
11526 3
11527 4
11528 4
11529 4
11530 1
11531 1
11532 3
11533 0
11534 0
11535 0
11536 0
11537 1
11538 1
11539 1
11540 0
11541 0
11542 0
11543 0
11544 0
11545 2
11546 3
11547 3
11548 3
11549 3
11550 2
11551 2
11552 0
11553 0
11554 0
11555 0
11556 4
11557 4
11558 4
11559 4
11560 2
11561 2
11562 2
11563 2
11564 2
11565 2
11566 2
11567 2
11568 2
11569 2
11570 2
11571 2
11572 2
11573 2
11574 2
11575 2
11576 0
11577 0
11578 0
11579 0
11580 0
11581 0
11582 0
11583 0
11584 0
11585 0
11586 2
11587 0
11588 2
11589 0
11590 0
11591 0
11592 0
11593 0
11594 0
11595 1
11596 2
11597 0
11598 0
11599 4
11600 0
11601 0
11602 0
11603 0
11604 0
11605 1
11606 1
11607 3
11608 3
11609 3
11610 3
11611 3
11612 3
11613 3
11614 3
11615 3
11616 3
11617 3
11618 3
11619 3
11620 0
11621 1
11622 1
11623 1
11624 1
11625 4
11626 4
11627 4
11628 4
11629 0
11630 3
11631 0
11632 4
11633 4
11634 4
11635 4
11636 1
11637 4
11638 4
11639 0
11640 0
11641 0
11642 1
11643 1
11644 1
11645 1
11646 1
11647 2
11648 4
11649 4
11650 4
11651 0
11652 0
11653 0
11654 0
11655 3
11656 0
11657 0
11658 0
11659 0
11660 2
11661 2
11662 2
11663 2
11664 2
11665 1
11666 1
11667 0
11668 4
11669 4
11670 2
11671 0
11672 0
11673 0
11674 3
11675 0
11676 0
11677 0
11678 0
11679 0
11680 0
11681 4
11682 4
11683 4
11684 4
11685 4
11686 4
11687 2
11688 4
11689 1
11690 1
11691 1
11692 0
11693 0
11694 0
11695 0
11696 3
11697 0
11698 3
11699 0
11700 3
11701 0
11702 0
11703 0
11704 4
11705 4
11706 4
11707 1
11708 1
11709 1
11710 3
11711 3
11712 1
11713 1
11714 2
11715 2
11716 2
11717 2
11718 2
11719 2
11720 3
11721 3
11722 1
11723 1
11724 1
11725 1
11726 2
11727 2
11728 2
11729 4
11730 4
11731 4
11732 4
11733 4
11734 4
11735 4
11736 4
11737 4
11738 4
11739 4
11740 4
11741 4
11742 4
11743 4
11744 4
11745 3
11746 3
11747 3
11748 3
11749 3
11750 3
11751 3
11752 3
11753 1
11754 1
11755 1
11756 1
11757 0
11758 1
11759 4
11760 0
11761 0
11762 0
11763 0
11764 4
11765 4
11766 4
11767 0
11768 0
11769 0
11770 3
11771 3
11772 0
11773 0
11774 0
11775 3
11776 0
11777 0
11778 3
11779 3
11780 3
11781 3
11782 3
11783 3
11784 3
11785 0
11786 3
11787 3
11788 0
11789 3
11790 3
11791 3
11792 0
11793 0
11794 0
11795 0
11796 0
11797 0
11798 0
11799 0
11800 0
11801 0
11802 0
11803 0
11804 0
11805 0
11806 2
11807 3
11808 4
11809 3
11810 3
11811 3
11812 4
11813 4
11814 4
11815 4
11816 3
11817 3
11818 3
11819 3
11820 3
11821 1
11822 2
11823 2
11824 0
11825 0
11826 0
11827 0
11828 0
11829 0
11830 0
11831 0
11832 0
11833 0
11834 0
11835 0
11836 0
11837 0
11838 2
11839 0
11840 0
11841 0
11842 3
11843 3
11844 3
11845 3
11846 3
11847 3
11848 3
11849 3
11850 3
11851 3
11852 3
11853 3
11854 3
11855 3
11856 3
11857 2
11858 2
11859 2
11860 2
11861 2
11862 0
11863 2
11864 2
11865 2
11866 2
11867 2
11868 2
11869 0
11870 0
11871 0
11872 0
11873 1
11874 0
11875 0
11876 0
11877 0
11878 0
11879 0
11880 4
11881 4
11882 4
11883 4
11884 4
11885 4
11886 4
11887 1
11888 1
11889 4
11890 0
11891 0
11892 3
11893 1
11894 0
11895 0
11896 0
11897 0
11898 0
11899 0
11900 0
11901 0
11902 0
11903 0
11904 0
11905 3
11906 2
11907 3
11908 3
11909 0
11910 0
11911 3
11912 3
11913 0
11914 0
11915 0
11916 0
11917 0
11918 0
11919 0
11920 0
11921 0
11922 0
11923 0
11924 0
11925 0
11926 0
11927 2
11928 2
11929 0
11930 0
11931 4
11932 2
11933 0
11934 0
11935 0
11936 0
11937 0
11938 0
11939 0
11940 0
11941 0
11942 2
11943 2
11944 2
11945 2
11946 1
11947 3
11948 3
11949 3
11950 3
11951 3
11952 3
11953 3
11954 3
11955 3
11956 3
11957 3
11958 3
11959 3
11960 3
11961 3
11962 3
11963 3
11964 3
11965 3
11966 3
11967 3
11968 0
11969 0
11970 0
11971 0
11972 2
11973 2
11974 2
11975 1
11976 1
11977 1
11978 1
11979 1
11980 1
11981 1
11982 4
11983 4
11984 4
11985 4
11986 4
11987 4
11988 4
11989 4
11990 4
11991 3
11992 0
11993 4
11994 0
11995 3
11996 3
11997 3
11998 3
11999 3
12000 3
12001 3
12002 3
12003 3
12004 3
12005 3
12006 0
12007 0
12008 3
12009 3
12010 0
12011 0
12012 0
12013 4
12014 4
12015 4
12016 2
12017 2
12018 1
12019 2
12020 0
12021 3
12022 3
12023 3
12024 3
12025 3
12026 4
12027 0
12028 0
12029 0
12030 0
12031 3
12032 1
12033 2
12034 0
12035 0
12036 0
12037 0
12038 1
12039 1
12040 0
12041 0
12042 0
12043 0
12044 0
12045 0
12046 0
12047 0
12048 0
12049 0
12050 0
12051 0
12052 0
12053 0
12054 4
12055 1
12056 0
12057 0
12058 0
12059 0
12060 0
12061 0
12062 2
12063 2
12064 3
12065 3
12066 0
12067 4
12068 0
12069 0
12070 1
12071 0
12072 2
12073 0
12074 0
12075 3
12076 3
12077 3
12078 3
12079 3
12080 3
12081 0
12082 0
12083 0
12084 0
12085 0
12086 0
12087 4
12088 4
12089 4
12090 0
12091 0
12092 0
12093 0
12094 0
12095 0
12096 0
12097 0
12098 0
12099 0
12100 0
12101 0
12102 0
12103 0
12104 0
12105 0
12106 0
12107 0
12108 0
12109 0
12110 3
12111 3
12112 3
12113 3
12114 3
12115 3
12116 3
12117 4
12118 4
12119 0
12120 0
12121 0
12122 0
12123 0
12124 0
12125 1
12126 0
12127 0
12128 0
12129 0
12130 3
12131 3
12132 3
12133 3
12134 3
12135 3
12136 3
12137 3
12138 3
12139 3
12140 3
12141 3
12142 3
12143 0
12144 4
12145 0
12146 0
12147 0
12148 0
12149 0
12150 0
12151 0
12152 4
12153 0
12154 0
12155 4
12156 2
12157 0
12158 0
12159 0
12160 0
12161 0
12162 0
12163 0
12164 0
12165 0
12166 0
12167 0
12168 0
12169 0
12170 0
12171 0
12172 0
12173 0
12174 0
12175 0
12176 0
12177 0
12178 0
12179 0
12180 0
12181 0
12182 1
12183 1
12184 1
12185 1
12186 1
12187 1
12188 2
12189 0
12190 0
12191 3
12192 3
12193 3
12194 0
12195 0
12196 0
12197 0
12198 3
12199 0
12200 4
12201 4
12202 0
12203 0
12204 0
12205 0
12206 0
12207 0
12208 4
12209 0
12210 0
12211 0
12212 0
12213 0
12214 0
12215 2
12216 2
12217 3
12218 3
12219 3
12220 3
12221 3
12222 3
12223 3
12224 3
12225 2
12226 3
12227 3
12228 3
12229 3
12230 3
12231 3
12232 3
12233 4
12234 4
12235 3
12236 3
12237 3
12238 3
12239 3
12240 0
12241 4
12242 2
12243 0
12244 0
12245 2
12246 0
12247 0
12248 0
12249 0
12250 0
12251 2
12252 2
12253 3
12254 3
12255 3
12256 0
12257 0
12258 0
12259 0
12260 0
12261 0
12262 0
12263 0
12264 0
12265 0
12266 0
12267 0
12268 0
12269 0
12270 0
12271 0
12272 0
12273 0
12274 4
12275 0
12276 0
12277 0
12278 0
12279 0
12280 2
12281 0
12282 0
12283 0
12284 0
12285 0
12286 0
12287 0
12288 0
12289 0
12290 2
12291 2
12292 2
12293 2
12294 0
12295 2
12296 0
12297 0
12298 2
12299 2
12300 2
12301 2
12302 4
12303 4
12304 4
12305 3
12306 3
12307 0
12308 0
12309 0
12310 0
12311 2
12312 2
12313 2
12314 2
12315 2
12316 2
12317 2
12318 1
12319 1
12320 1
12321 1
12322 1
12323 0
12324 0
12325 0
12326 0
12327 0
12328 2
12329 2
12330 2
12331 2
12332 2
12333 2
12334 0
12335 0
12336 2
12337 2
12338 0
12339 0
12340 0
12341 0
12342 0
12343 0
12344 0
12345 0
12346 0
12347 0
12348 0
12349 0
12350 0
12351 0
12352 0
12353 0
12354 0
12355 0
12356 0
12357 0
12358 0
12359 0
12360 0
12361 3
12362 2
12363 0
12364 0
12365 0
12366 0
12367 0
12368 0
12369 2
12370 2
12371 2
12372 0
12373 4
12374 4
12375 4
12376 0
12377 0
12378 0
12379 0
12380 0
12381 0
12382 0
12383 0
12384 0
12385 0
12386 0
12387 0
12388 3
12389 3
12390 3
12391 0
12392 2
12393 0
12394 0
12395 0
12396 0
12397 0
12398 0
12399 0
12400 2
12401 0
12402 0
12403 0
12404 2
12405 2
12406 2
12407 2
12408 4
12409 4
12410 4
12411 4
12412 4
12413 2
12414 4
12415 4
12416 4
12417 0
12418 0
12419 0
12420 4
12421 2
12422 4
12423 0
12424 0
12425 0
12426 0
12427 0
12428 0
12429 0
12430 0
12431 0
12432 2
12433 2
12434 2
12435 2
12436 0
12437 2
12438 2
12439 2
12440 2
12441 2
12442 2
12443 0
12444 0
12445 0
12446 0
12447 3
12448 3
12449 3
12450 0
12451 2
12452 2
12453 0
12454 0
12455 0
12456 0
12457 0
12458 0
12459 0
12460 4
12461 4
12462 4
12463 4
12464 4
12465 4
12466 4
12467 2
12468 0
12469 0
12470 0
12471 0
12472 3
12473 3
12474 2
12475 2
12476 0
12477 0
12478 0
12479 0
12480 0
12481 2
12482 2
12483 2
12484 2
12485 2
12486 2
12487 0
12488 0
12489 0
12490 0
12491 0
12492 0
12493 0
12494 0
12495 0
12496 0
12497 2
12498 2
12499 2
12500 2
12501 2
12502 2
12503 0
12504 0
12505 0
12506 0
12507 0
12508 0
12509 0
